year	day	hr	v
2021	267	0	4.2524e+02
2021	267	0	4.1317e+02
2021	267	0	3.9591e+02
2021	267	0	4.1128e+02
2021	267	0	4.1423e+02
2021	267	1	4.1662e+02
2021	267	1	4.2249e+02
2021	267	1	4.2369e+02
2021	267	1	4.2935e+02
2021	267	1	4.3595e+02
2021	267	2	4.4498e+02
2021	267	2	4.5801e+02
2021	267	2	4.2855e+02
2021	267	2	4.3134e+02
2021	267	2	4.3378e+02
2021	267	3	4.2889e+02
2021	267	3	4.3619e+02
2021	267	3	4.3238e+02
2021	267	3	4.2554e+02
2021	267	3	4.3831e+02
2021	267	4	4.4320e+02
2021	267	4	4.4099e+02
2021	267	4	4.5803e+02
2021	267	4	4.5285e+02
2021	267	4	4.6535e+02
2021	267	5	4.7238e+02
2021	267	5	4.7764e+02
2021	267	5	4.7253e+02
2021	267	5	4.7054e+02
2021	267	5	4.7002e+02
2021	267	6	4.7064e+02
2021	267	6	4.6528e+02
2021	267	6	4.6053e+02
2021	267	6	4.6106e+02
2021	267	6	4.6278e+02
2021	267	7	4.5588e+02
2021	267	7	4.5698e+02
2021	267	7	4.5372e+02
2021	267	7	4.5889e+02
2021	267	7	4.6169e+02
2021	267	8	4.6524e+02
2021	267	8	4.6942e+02
2021	267	8	4.7236e+02
2021	267	8	4.8664e+02
2021	267	8	4.8118e+02
2021	267	9	4.8342e+02
2021	267	9	4.7750e+02
2021	267	9	4.7850e+02
2021	267	9	4.8055e+02
2021	267	9	4.7932e+02
2021	267	10	4.8360e+02
2021	267	10	4.8492e+02
2021	267	10	4.8973e+02
2021	267	10	4.9145e+02
2021	267	10	4.8865e+02
2021	267	11	4.8674e+02
2021	267	11	4.8226e+02
2021	267	11	4.8715e+02
2021	267	11	4.9023e+02
2021	267	11	0
2021	267	12	4.6965e+02
2021	267	12	4.7257e+02
2021	267	12	4.7417e+02
2021	267	12	4.6913e+02
2021	267	12	4.7635e+02
2021	267	13	4.6982e+02
2021	267	13	4.6388e+02
2021	267	13	4.7353e+02
2021	267	13	4.7033e+02
2021	267	13	4.8528e+02
2021	267	14	4.8588e+02
2021	267	14	4.8615e+02
2021	267	14	4.8005e+02
2021	267	14	4.7624e+02
2021	267	15	4.7915e+02
2021	267	15	4.7465e+02
2021	267	15	4.7237e+02
2021	267	15	4.7727e+02
2021	267	15	4.7597e+02
2021	267	16	4.7449e+02
2021	267	16	4.7328e+02
2021	267	16	4.5651e+02
2021	267	16	4.6906e+02
2021	267	16	4.6016e+02
2021	267	17	4.6401e+02
2021	267	17	4.5724e+02
2021	267	17	4.5763e+02
2021	267	17	4.6034e+02
2021	267	17	4.7711e+02
2021	267	18	4.8498e+02
2021	267	18	4.7580e+02
2021	267	18	4.7486e+02
2021	267	18	4.7608e+02
2021	267	18	4.6117e+02
2021	267	19	4.6292e+02
2021	267	19	4.6118e+02
2021	267	19	4.6096e+02
2021	267	19	4.5713e+02
2021	267	19	4.5732e+02
2021	267	20	4.5302e+02
2021	267	20	4.5433e+02
2021	267	20	4.5265e+02
2021	267	20	4.5856e+02
2021	267	20	4.5924e+02
2021	267	21	4.5330e+02
2021	267	21	4.6801e+02
2021	267	21	4.7236e+02
2021	267	21	4.7832e+02
2021	267	21	4.8220e+02
2021	267	22	4.8308e+02
2021	267	22	4.7878e+02
2021	267	22	4.8094e+02
2021	267	22	4.7589e+02
2021	267	22	4.8418e+02
2021	267	23	4.8679e+02
2021	267	23	4.9520e+02
2021	267	23	4.8639e+02
2021	267	23	4.8548e+02
2021	267	23	4.8001e+02
2021	268	0	4.7233e+02
2021	268	0	4.8904e+02
2021	268	0	4.7831e+02
2021	268	0	4.7052e+02
2021	268	0	4.7865e+02
2021	268	1	4.7863e+02
2021	268	1	5.0144e+02
2021	268	1	4.9954e+02
2021	268	1	4.9528e+02
2021	268	1	5.0630e+02
2021	268	2	5.1003e+02
2021	268	2	5.2313e+02
2021	268	2	5.0236e+02
2021	268	2	5.0739e+02
2021	268	2	5.1635e+02
2021	268	3	5.3178e+02
2021	268	3	5.2472e+02
2021	268	3	5.4172e+02
2021	268	3	5.3156e+02
2021	268	3	5.4822e+02
2021	268	4	5.5880e+02
2021	268	4	5.3917e+02
2021	268	4	5.4497e+02
2021	268	4	5.4768e+02
2021	268	4	5.7393e+02
2021	268	5	5.5575e+02
2021	268	5	5.4710e+02
2021	268	5	5.5232e+02
2021	268	5	5.3064e+02
2021	268	6	5.3107e+02
2021	268	6	5.3641e+02
2021	268	6	5.3508e+02
2021	268	6	5.5268e+02
2021	268	6	5.3410e+02
2021	268	7	5.5590e+02
2021	268	7	5.4958e+02
2021	268	7	5.3678e+02
2021	268	7	5.5299e+02
2021	268	7	5.5049e+02
2021	268	8	5.4648e+02
2021	268	8	5.1676e+02
2021	268	8	5.3931e+02
2021	268	8	5.3244e+02
2021	268	8	5.4409e+02
2021	268	9	5.4029e+02
2021	268	9	5.5781e+02
2021	268	9	5.4515e+02
2021	268	9	5.3167e+02
2021	268	9	5.2513e+02
2021	268	10	5.4361e+02
2021	268	10	5.3308e+02
2021	268	10	5.2715e+02
2021	268	10	5.2427e+02
2021	268	10	5.1255e+02
2021	268	11	4.7830e+02
2021	268	11	5.0787e+02
2021	268	11	5.0749e+02
2021	268	11	5.3322e+02
2021	268	11	5.1699e+02
2021	268	12	5.0881e+02
2021	268	12	5.0570e+02
2021	268	12	5.0524e+02
2021	268	12	5.0602e+02
2021	268	12	5.3567e+02
2021	268	13	5.2250e+02
2021	268	13	5.0416e+02
2021	268	13	5.0791e+02
2021	268	13	5.0674e+02
2021	268	13	4.9515e+02
2021	268	14	4.8842e+02
2021	268	14	4.9108e+02
2021	268	14	4.9502e+02
2021	268	14	4.8715e+02
2021	268	14	4.9054e+02
2021	268	15	5.0019e+02
2021	268	15	4.9149e+02
2021	268	15	4.9511e+02
2021	268	15	4.9668e+02
2021	268	15	4.8667e+02
2021	268	16	4.9502e+02
2021	268	16	4.9083e+02
2021	268	16	4.8787e+02
2021	268	16	4.9778e+02
2021	268	16	4.8653e+02
2021	268	17	4.8417e+02
2021	268	17	4.8843e+02
2021	268	17	4.8673e+02
2021	268	17	4.7393e+02
2021	268	17	4.7768e+02
2021	268	18	4.8517e+02
2021	268	18	4.8500e+02
2021	268	18	4.8913e+02
2021	268	18	5.0809e+02
2021	268	18	5.0016e+02
2021	268	19	4.7808e+02
2021	268	19	5.0489e+02
2021	268	19	5.0962e+02
2021	268	19	4.8173e+02
2021	268	19	4.4400e+02
2021	268	20	4.5432e+02
2021	268	20	4.5920e+02
2021	268	20	4.5438e+02
2021	268	20	4.4959e+02
2021	268	20	4.5040e+02
2021	268	21	4.6288e+02
2021	268	21	4.5750e+02
2021	268	21	4.5521e+02
2021	268	21	4.5316e+02
2021	268	22	4.5350e+02
2021	268	22	4.4686e+02
2021	268	22	4.4986e+02
2021	268	22	4.5571e+02
2021	268	22	4.5467e+02
2021	268	23	4.5172e+02
2021	268	23	4.4859e+02
2021	268	23	4.4819e+02
2021	268	23	4.3924e+02
2021	268	23	4.5426e+02
2021	269	0	4.3707e+02
2021	269	0	4.5438e+02
2021	269	0	4.4423e+02
2021	269	0	4.4527e+02
2021	269	0	4.4158e+02
2021	269	1	4.4274e+02
2021	269	1	4.3560e+02
2021	269	1	4.4187e+02
2021	269	1	4.3969e+02
2021	269	1	4.4475e+02
2021	269	2	4.4275e+02
2021	269	2	4.4098e+02
2021	269	2	4.3667e+02
2021	269	2	4.3495e+02
2021	269	2	4.3175e+02
2021	269	3	4.3671e+02
2021	269	3	4.2340e+02
2021	269	3	4.2596e+02
2021	269	3	4.2621e+02
2021	269	3	4.2498e+02
2021	269	4	4.2146e+02
2021	269	4	4.2382e+02
2021	269	4	4.2237e+02
2021	269	4	4.2347e+02
2021	269	4	4.2558e+02
2021	269	5	4.2117e+02
2021	269	5	4.1662e+02
2021	269	5	4.2400e+02
2021	269	5	4.1883e+02
2021	269	5	4.2799e+02
2021	269	6	4.2305e+02
2021	269	6	4.2035e+02
2021	269	6	4.2173e+02
2021	269	6	4.2423e+02
2021	269	6	4.2427e+02
2021	269	7	4.2093e+02
2021	269	7	4.2074e+02
2021	269	7	4.1763e+02
2021	269	7	4.1787e+02
2021	269	7	4.1437e+02
2021	269	8	4.1804e+02
2021	269	8	4.0677e+02
2021	269	8	4.1854e+02
2021	269	8	4.1247e+02
2021	269	8	4.1197e+02
2021	269	9	4.0856e+02
2021	269	9	4.1055e+02
2021	269	9	4.1282e+02
2021	269	9	4.1418e+02
2021	269	9	4.1111e+02
2021	269	10	4.1017e+02
2021	269	10	4.0767e+02
2021	269	10	4.0880e+02
2021	269	10	4.1641e+02
2021	269	10	4.1557e+02
2021	269	11	4.1277e+02
2021	269	11	4.1522e+02
2021	269	11	4.1290e+02
2021	269	11	4.1137e+02
2021	269	11	4.0816e+02
2021	269	12	4.0799e+02
2021	269	12	4.0319e+02
2021	269	12	3.9926e+02
2021	269	12	3.8542e+02
2021	269	13	3.8742e+02
2021	269	13	3.9034e+02
2021	269	13	4.0397e+02
2021	269	13	3.9910e+02
2021	269	13	3.9878e+02
2021	269	14	4.0108e+02
2021	269	14	3.9866e+02
2021	269	14	3.9601e+02
2021	269	14	3.9517e+02
2021	269	14	3.9421e+02
2021	269	15	3.9869e+02
2021	269	15	3.9047e+02
2021	269	15	3.8654e+02
2021	269	15	3.8689e+02
2021	269	15	3.8193e+02
2021	269	16	3.8634e+02
2021	269	16	3.8333e+02
2021	269	16	3.7860e+02
2021	269	16	3.7866e+02
2021	269	16	3.7802e+02
2021	269	17	3.8133e+02
2021	269	17	3.7580e+02
2021	269	17	3.7593e+02
2021	269	17	3.7340e+02
2021	269	17	3.7015e+02
2021	269	18	3.8074e+02
2021	269	18	3.7265e+02
2021	269	18	3.7745e+02
2021	269	18	3.7814e+02
2021	269	18	3.7798e+02
2021	269	19	3.7410e+02
2021	269	19	3.7362e+02
2021	269	19	3.7341e+02
2021	269	19	3.8272e+02
2021	269	19	3.7373e+02
2021	269	20	3.7632e+02
2021	269	20	3.7678e+02
2021	269	20	3.7761e+02
2021	269	20	3.7732e+02
2021	269	20	3.7714e+02
2021	269	21	3.7547e+02
2021	269	21	3.7624e+02
2021	269	21	3.7784e+02
2021	269	21	3.7613e+02
2021	269	21	3.7522e+02
2021	269	22	3.7672e+02
2021	269	22	3.7481e+02
2021	269	22	3.7355e+02
2021	269	22	3.7490e+02
2021	269	22	3.7341e+02
2021	269	23	3.7545e+02
2021	269	23	3.7585e+02
2021	269	23	3.7745e+02
2021	269	23	3.8139e+02
2021	269	23	3.8582e+02
2021	270	0	3.8194e+02
2021	270	0	3.8170e+02
2021	270	0	3.8392e+02
2021	270	0	3.8671e+02
2021	270	0	3.8400e+02
2021	270	1	3.7842e+02
2021	270	1	3.7966e+02
2021	270	1	3.7880e+02
2021	270	1	3.8131e+02
2021	270	1	3.8071e+02
2021	270	2	3.8224e+02
2021	270	2	3.8064e+02
2021	270	2	3.8039e+02
2021	270	2	3.8220e+02
2021	270	2	3.8271e+02
2021	270	3	3.8337e+02
2021	270	3	3.8209e+02
2021	270	3	3.8277e+02
2021	270	3	3.8750e+02
2021	270	3	3.8520e+02
2021	270	4	3.8340e+02
2021	270	4	3.8478e+02
2021	270	4	3.8899e+02
2021	270	4	3.8729e+02
2021	270	5	3.8755e+02
2021	270	5	3.9086e+02
2021	270	5	3.9091e+02
2021	270	5	3.9465e+02
2021	270	5	3.9374e+02
2021	270	6	3.9002e+02
2021	270	6	3.8843e+02
2021	270	6	3.8537e+02
2021	270	6	3.8601e+02
2021	270	6	3.8378e+02
2021	270	7	3.8191e+02
2021	270	7	3.8083e+02
2021	270	7	3.7894e+02
2021	270	7	3.8207e+02
2021	270	7	3.7592e+02
2021	270	8	3.7825e+02
2021	270	8	3.7514e+02
2021	270	8	3.8038e+02
2021	270	8	3.7421e+02
2021	270	8	3.7736e+02
2021	270	9	3.7756e+02
2021	270	9	3.7534e+02
2021	270	9	3.7883e+02
2021	270	9	3.7182e+02
2021	270	9	3.7080e+02
2021	270	10	3.7830e+02
2021	270	10	3.7619e+02
2021	270	10	3.7420e+02
2021	270	10	3.7304e+02
2021	270	10	3.6667e+02
2021	270	11	3.6574e+02
2021	270	11	3.6653e+02
2021	270	11	3.6570e+02
2021	270	11	3.6732e+02
2021	270	11	3.6480e+02
2021	270	12	3.6442e+02
2021	270	12	3.6744e+02
2021	270	12	3.6609e+02
2021	270	12	3.6488e+02
2021	270	12	3.6421e+02
2021	270	13	3.6283e+02
2021	270	13	3.6275e+02
2021	270	13	3.6824e+02
2021	270	13	3.6567e+02
2021	270	13	3.6773e+02
2021	270	14	3.6592e+02
2021	270	14	3.6468e+02
2021	270	14	3.6389e+02
2021	270	14	3.6088e+02
2021	270	14	3.6435e+02
2021	270	15	3.6046e+02
2021	270	15	3.6059e+02
2021	270	15	3.6320e+02
2021	270	15	3.6792e+02
2021	270	15	3.7116e+02
2021	270	16	3.7726e+02
2021	270	16	3.6976e+02
2021	270	16	3.7042e+02
2021	270	16	3.7741e+02
2021	270	16	3.8812e+02
2021	270	17	3.8794e+02
2021	270	17	3.8601e+02
2021	270	17	3.7778e+02
2021	270	17	3.7400e+02
2021	270	17	3.7867e+02
2021	270	18	3.7565e+02
2021	270	18	3.7454e+02
2021	270	18	3.7789e+02
2021	270	18	3.8281e+02
2021	270	18	3.8376e+02
2021	270	19	3.8535e+02
2021	270	19	3.8167e+02
2021	270	19	3.7898e+02
2021	270	19	3.7860e+02
2021	270	20	3.8101e+02
2021	270	20	3.7830e+02
2021	270	20	3.6884e+02
2021	270	20	3.7571e+02
2021	270	20	3.7643e+02
2021	270	21	3.7325e+02
2021	270	21	3.8021e+02
2021	270	21	3.9070e+02
2021	270	21	3.8164e+02
2021	270	21	4.1134e+02
2021	270	22	4.1478e+02
2021	270	22	4.1718e+02
2021	270	22	4.1952e+02
2021	270	22	4.1578e+02
2021	270	22	4.1326e+02
2021	270	23	4.1663e+02
2021	270	23	4.2455e+02
2021	270	23	4.2794e+02
2021	270	23	4.4172e+02
2021	270	23	4.4378e+02
2021	271	0	4.5652e+02
2021	271	0	4.4463e+02
2021	271	0	4.3423e+02
2021	271	0	4.4591e+02
2021	271	0	0
2021	271	1	4.4654e+02
2021	271	1	4.5577e+02
2021	271	1	4.4525e+02
2021	271	1	4.4320e+02
2021	271	1	4.5738e+02
2021	271	2	4.5529e+02
2021	271	2	4.5471e+02
2021	271	2	4.5236e+02
2021	271	2	4.6146e+02
2021	271	2	4.6817e+02
2021	271	3	4.6519e+02
2021	271	3	4.8504e+02
2021	271	3	4.7153e+02
2021	271	3	4.6574e+02
2021	271	3	4.6223e+02
2021	271	4	4.5826e+02
2021	271	4	4.6356e+02
2021	271	4	4.6461e+02
2021	271	4	4.6894e+02
2021	271	4	4.7072e+02
2021	271	5	4.6704e+02
2021	271	5	4.6974e+02
2021	271	5	4.7512e+02
2021	271	5	4.7012e+02
2021	271	5	4.6873e+02
2021	271	6	4.7465e+02
2021	271	6	4.7664e+02
2021	271	6	4.8302e+02
2021	271	6	4.8332e+02
2021	271	6	4.9569e+02
2021	271	7	4.9500e+02
2021	271	7	4.9706e+02
2021	271	7	5.0155e+02
2021	271	7	5.0041e+02
2021	271	7	5.0205e+02
2021	271	8	4.9994e+02
2021	271	8	5.0281e+02
2021	271	8	5.0606e+02
2021	271	8	5.0409e+02
2021	271	8	5.0541e+02
2021	271	9	5.0245e+02
2021	271	9	5.0462e+02
2021	271	9	5.1726e+02
2021	271	9	5.0717e+02
2021	271	9	5.0846e+02
2021	271	10	4.9953e+02
2021	271	10	5.0166e+02
2021	271	10	5.0964e+02
2021	271	10	5.0722e+02
2021	271	10	4.9593e+02
2021	271	11	4.9316e+02
2021	271	11	4.9147e+02
2021	271	11	4.9795e+02
2021	271	11	5.1557e+02
2021	271	12	5.2293e+02
2021	271	12	5.2450e+02
2021	271	12	5.2427e+02
2021	271	12	5.2278e+02
2021	271	12	5.0513e+02
2021	271	13	5.0939e+02
2021	271	13	5.0499e+02
2021	271	13	4.8655e+02
2021	271	13	4.8398e+02
2021	271	13	4.8599e+02
2021	271	14	4.8129e+02
2021	271	14	4.7920e+02
2021	271	14	4.7465e+02
2021	271	14	4.7669e+02
2021	271	14	4.7424e+02
2021	271	15	4.9100e+02
2021	271	15	4.8317e+02
2021	271	15	4.9428e+02
2021	271	15	5.2680e+02
2021	271	15	4.9965e+02
2021	271	16	5.0322e+02
2021	271	16	5.0280e+02
2021	271	16	4.9930e+02
2021	271	16	4.9804e+02
2021	271	16	4.8644e+02
2021	271	17	5.0638e+02
2021	271	17	5.0481e+02
2021	271	17	5.1128e+02
2021	271	17	5.0589e+02
2021	271	17	5.0435e+02
2021	271	18	4.9987e+02
2021	271	18	5.0537e+02
2021	271	18	4.9621e+02
2021	271	18	4.9798e+02
2021	271	18	4.9844e+02
2021	271	19	5.0471e+02
2021	271	19	5.0099e+02
2021	271	19	4.9213e+02
2021	271	19	4.9780e+02
2021	271	19	5.0078e+02
2021	271	20	4.9518e+02
2021	271	20	5.0303e+02
2021	271	20	5.0775e+02
2021	271	20	4.9681e+02
2021	271	20	4.8293e+02
2021	271	21	4.8334e+02
2021	271	21	4.8262e+02
2021	271	21	4.7754e+02
2021	271	21	4.8253e+02
2021	271	21	4.8161e+02
2021	271	22	4.8127e+02
2021	271	22	4.7332e+02
2021	271	22	4.7357e+02
2021	271	22	4.7684e+02
2021	271	22	4.7489e+02
2021	271	23	4.7520e+02
2021	271	23	4.7112e+02
2021	271	23	4.7000e+02
2021	271	23	4.6491e+02
2021	271	23	4.6672e+02
2021	272	0	4.6655e+02
2021	272	0	4.6626e+02
2021	272	0	4.6531e+02
2021	272	0	4.6684e+02
2021	272	0	4.6854e+02
2021	272	1	4.6672e+02
2021	272	1	4.6573e+02
2021	272	1	4.6726e+02
2021	272	1	4.6846e+02
2021	272	1	4.6794e+02
2021	272	2	4.6526e+02
2021	272	2	4.6365e+02
2021	272	2	4.5710e+02
2021	272	2	4.5912e+02
2021	272	2	4.5527e+02
2021	272	3	4.6039e+02
2021	272	3	4.4866e+02
2021	272	3	4.5816e+02
2021	272	3	4.5656e+02
2021	272	4	4.5332e+02
2021	272	4	4.5231e+02
2021	272	4	4.4950e+02
2021	272	4	4.4925e+02
2021	272	4	4.4927e+02
2021	272	5	4.4730e+02
2021	272	5	4.4411e+02
2021	272	5	4.3789e+02
2021	272	5	4.4604e+02
2021	272	5	4.4509e+02
2021	272	6	4.3870e+02
2021	272	6	4.3765e+02
2021	272	6	4.4527e+02
2021	272	6	4.4535e+02
2021	272	6	4.4050e+02
2021	272	7	4.4122e+02
2021	272	7	4.3095e+02
2021	272	7	4.2720e+02
2021	272	7	4.2649e+02
2021	272	7	4.3502e+02
2021	272	8	4.3402e+02
2021	272	8	4.3603e+02
2021	272	8	4.3420e+02
2021	272	8	4.3495e+02
2021	272	8	4.3306e+02
2021	272	9	4.3252e+02
2021	272	9	4.3641e+02
2021	272	9	4.3158e+02
2021	272	9	4.2945e+02
2021	272	9	4.3148e+02
2021	272	10	4.3293e+02
2021	272	10	4.2373e+02
2021	272	10	4.2940e+02
2021	272	10	4.2684e+02
2021	272	10	4.1632e+02
2021	272	11	4.2280e+02
2021	272	11	4.2727e+02
2021	272	11	4.2758e+02
2021	272	11	4.1519e+02
2021	272	11	4.0993e+02
2021	272	12	4.1177e+02
2021	272	12	4.1086e+02
2021	272	12	4.0497e+02
2021	272	12	4.0049e+02
2021	272	12	4.0283e+02
2021	272	13	4.0697e+02
2021	272	13	4.0319e+02
2021	272	13	3.9652e+02
2021	272	13	3.9385e+02
2021	272	13	3.9310e+02
2021	272	14	3.9697e+02
2021	272	14	3.9969e+02
2021	272	14	3.9483e+02
2021	272	14	3.8997e+02
2021	272	14	3.9091e+02
2021	272	15	3.9165e+02
2021	272	15	3.9208e+02
2021	272	15	3.9651e+02
2021	272	15	4.1268e+02
2021	272	15	4.0724e+02
2021	272	16	4.0257e+02
2021	272	16	4.0384e+02
2021	272	16	4.0208e+02
2021	272	16	4.0382e+02
2021	272	16	4.0219e+02
2021	272	17	3.9934e+02
2021	272	17	3.9446e+02
2021	272	17	3.9332e+02
2021	272	17	3.9257e+02
2021	272	17	3.9180e+02
2021	272	18	3.9362e+02
2021	272	18	3.9361e+02
2021	272	18	3.9316e+02
2021	272	18	3.8948e+02
2021	272	19	3.9156e+02
2021	272	19	3.8971e+02
2021	272	19	3.8998e+02
2021	272	19	3.9289e+02
2021	272	19	3.8907e+02
2021	272	20	3.8892e+02
2021	272	20	3.8781e+02
2021	272	20	3.8814e+02
2021	272	20	3.8634e+02
2021	272	20	3.8627e+02
2021	272	21	3.8493e+02
2021	272	21	3.8711e+02
2021	272	21	3.8573e+02
2021	272	21	4.0006e+02
2021	272	21	3.9739e+02
2021	272	22	3.9869e+02
2021	272	22	3.8592e+02
2021	272	22	3.8034e+02
2021	272	22	3.8110e+02
2021	272	22	3.8206e+02
2021	272	23	3.8336e+02
2021	272	23	3.8332e+02
2021	272	23	3.8281e+02
2021	272	23	3.8192e+02
2021	272	23	3.7759e+02
2021	273	0	3.8082e+02
2021	273	0	3.8071e+02
2021	273	0	3.8115e+02
2021	273	0	3.7962e+02
2021	273	0	3.8057e+02
2021	273	1	3.8138e+02
2021	273	1	3.8191e+02
2021	273	1	3.8257e+02
2021	273	1	3.8303e+02
2021	273	1	3.8258e+02
2021	273	2	3.8391e+02
2021	273	2	3.8461e+02
2021	273	2	3.8815e+02
2021	273	2	3.8934e+02
2021	273	2	3.9376e+02
2021	273	3	3.9190e+02
2021	273	3	3.8891e+02
2021	273	3	3.8583e+02
2021	273	3	3.8701e+02
2021	273	3	3.8269e+02
2021	273	4	3.8107e+02
2021	273	4	3.7983e+02
2021	273	4	3.8070e+02
2021	273	4	3.8087e+02
2021	273	4	3.7929e+02
2021	273	5	3.8015e+02
2021	273	5	3.7872e+02
2021	273	5	3.8189e+02
2021	273	5	3.7916e+02
2021	273	5	3.8127e+02
2021	273	6	3.8053e+02
2021	273	6	3.8180e+02
2021	273	6	3.8093e+02
2021	273	6	3.8007e+02
2021	273	6	3.7974e+02
2021	273	7	3.8085e+02
2021	273	7	3.8028e+02
2021	273	7	3.7878e+02
2021	273	7	3.7757e+02
2021	273	7	3.7791e+02
2021	273	8	3.7548e+02
2021	273	8	3.7562e+02
2021	273	8	3.7789e+02
2021	273	8	3.7803e+02
2021	273	8	3.7725e+02
2021	273	9	3.7783e+02
2021	273	9	3.7843e+02
2021	273	9	3.7996e+02
2021	273	9	3.8402e+02
2021	273	9	3.8881e+02
2021	273	10	3.8361e+02
2021	273	10	3.8812e+02
2021	273	10	3.8984e+02
2021	273	10	3.8278e+02
2021	273	11	3.8363e+02
2021	273	11	3.8295e+02
2021	273	11	3.8004e+02
2021	273	11	3.8181e+02
2021	273	11	3.8203e+02
2021	273	12	3.8398e+02
2021	273	12	3.8064e+02
2021	273	12	3.7751e+02
2021	273	12	3.7551e+02
2021	273	12	3.7456e+02
2021	273	13	3.7733e+02
2021	273	13	3.7511e+02
2021	273	13	3.7618e+02
2021	273	13	3.7473e+02
2021	273	13	3.7409e+02
2021	273	14	3.7348e+02
2021	273	14	3.6954e+02
2021	273	14	3.7169e+02
2021	273	14	3.8797e+02
2021	273	14	3.8646e+02
2021	273	15	3.9718e+02
2021	273	15	3.9756e+02
2021	273	15	4.0245e+02
2021	273	15	4.1794e+02
2021	273	15	4.2018e+02
2021	273	16	4.2553e+02
2021	273	16	4.2803e+02
2021	273	16	4.2235e+02
2021	273	16	4.2082e+02
2021	273	16	4.1925e+02
2021	273	17	4.1566e+02
2021	273	17	4.1331e+02
2021	273	17	4.1233e+02
2021	273	17	4.1160e+02
2021	273	17	4.1331e+02
2021	273	18	4.2179e+02
2021	273	18	4.2211e+02
2021	273	18	4.1247e+02
2021	273	18	4.2465e+02
2021	273	18	4.2570e+02
2021	273	19	4.4836e+02
2021	273	19	4.4735e+02
2021	273	19	4.4483e+02
2021	273	19	4.4732e+02
2021	273	19	4.3877e+02
2021	273	20	4.4196e+02
2021	273	20	4.4164e+02
2021	273	20	4.3537e+02
2021	273	20	4.5829e+02
2021	273	20	4.4765e+02
2021	273	21	4.6826e+02
2021	273	21	4.7921e+02
2021	273	21	4.8865e+02
2021	273	21	5.0046e+02
2021	273	21	5.0729e+02
2021	273	22	5.2184e+02
2021	273	22	5.1567e+02
2021	273	22	5.0297e+02
2021	273	22	5.0739e+02
2021	273	22	5.0923e+02
2021	273	23	5.2294e+02
2021	273	23	5.2919e+02
2021	273	23	5.3719e+02
2021	273	23	5.4758e+02
2021	273	23	5.4905e+02
2021	274	0	5.3461e+02
2021	274	0	5.4190e+02
2021	274	0	5.2985e+02
2021	274	0	5.4345e+02
2021	274	0	5.4853e+02
2021	274	1	5.4985e+02
2021	274	1	5.5580e+02
2021	274	1	5.3363e+02
2021	274	1	5.4100e+02
2021	274	2	5.4106e+02
2021	274	2	5.0371e+02
2021	274	2	4.9612e+02
2021	274	2	5.1002e+02
2021	274	2	5.0657e+02
2021	274	3	5.0888e+02
2021	274	3	5.1655e+02
2021	274	3	4.8725e+02
2021	274	3	4.7833e+02
2021	274	3	4.7115e+02
2021	274	4	4.7038e+02
2021	274	4	4.7707e+02
2021	274	4	4.8609e+02
2021	274	4	4.8914e+02
2021	274	4	5.0371e+02
2021	274	5	4.8295e+02
2021	274	5	4.9533e+02
2021	274	5	4.9002e+02
2021	274	5	5.1424e+02
2021	274	5	5.0774e+02
2021	274	6	5.0836e+02
2021	274	6	5.0828e+02
2021	274	6	5.1738e+02
2021	274	6	5.1654e+02
2021	274	6	5.2491e+02
2021	274	7	5.2931e+02
2021	274	7	5.2475e+02
2021	274	7	5.3134e+02
2021	274	7	4.8963e+02
2021	274	7	5.3834e+02
2021	274	8	5.3208e+02
2021	274	8	5.1426e+02
2021	274	8	5.1271e+02
2021	274	8	5.5953e+02
2021	274	8	5.6134e+02
2021	274	9	5.6384e+02
2021	274	9	5.5263e+02
2021	274	9	5.5393e+02
2021	274	9	5.5468e+02
2021	274	9	5.5008e+02
2021	274	10	5.4242e+02
2021	274	10	5.3390e+02
2021	274	10	5.2896e+02
2021	274	10	5.0874e+02
2021	274	10	5.1045e+02
2021	274	11	5.2913e+02
2021	274	11	5.1126e+02
2021	274	11	5.1615e+02
2021	274	11	5.1490e+02
2021	274	11	5.1732e+02
2021	274	12	5.0793e+02
2021	274	12	5.1346e+02
2021	274	12	5.1269e+02
2021	274	12	4.9943e+02
2021	274	12	5.0451e+02
2021	274	13	4.9509e+02
2021	274	13	5.1883e+02
2021	274	13	5.1075e+02
2021	274	13	5.1358e+02
2021	274	13	5.3194e+02
2021	274	14	5.1486e+02
2021	274	14	5.1319e+02
2021	274	14	5.1129e+02
2021	274	14	5.0924e+02
2021	274	14	5.1008e+02
2021	274	15	5.0748e+02
2021	274	15	5.0723e+02
2021	274	15	5.5673e+02
2021	274	15	5.5187e+02
2021	274	15	5.2709e+02
2021	274	16	5.1841e+02
2021	274	16	5.3227e+02
2021	274	16	4.8236e+02
2021	274	16	4.8165e+02
2021	274	16	5.0901e+02
2021	274	17	5.2440e+02
2021	274	17	5.2166e+02
2021	274	17	5.3132e+02
2021	274	17	5.1548e+02
2021	274	18	5.1949e+02
2021	274	18	5.1336e+02
2021	274	18	5.1920e+02
2021	274	18	5.4240e+02
2021	274	18	5.2373e+02
2021	274	19	4.7234e+02
2021	274	19	4.6977e+02
2021	274	19	4.9285e+02
2021	274	19	5.0046e+02
2021	274	19	5.0184e+02
2021	274	20	4.8822e+02
2021	274	20	4.9187e+02
2021	274	20	4.8834e+02
2021	274	20	4.8021e+02
2021	274	20	4.8960e+02
2021	274	21	4.7993e+02
2021	274	21	4.9213e+02
2021	274	21	4.9302e+02
2021	274	21	4.7744e+02
2021	274	21	4.6251e+02
2021	274	22	4.7535e+02
2021	274	22	4.6266e+02
2021	274	22	4.6147e+02
2021	274	22	4.6357e+02
2021	274	22	4.5990e+02
2021	274	23	4.6254e+02
2021	274	23	4.5623e+02
2021	274	23	4.5615e+02
2021	274	23	4.4891e+02
2021	274	23	4.4923e+02
2021	275	0	4.5549e+02
2021	275	0	4.5472e+02
2021	275	0	4.4900e+02
2021	275	0	4.5181e+02
2021	275	0	4.4621e+02
2021	275	1	4.4542e+02
2021	275	1	4.4634e+02
2021	275	1	4.3286e+02
2021	275	1	4.3240e+02
2021	275	1	4.3337e+02
2021	275	2	4.2966e+02
2021	275	2	4.3874e+02
2021	275	2	4.3785e+02
2021	275	2	4.3453e+02
2021	275	2	4.3701e+02
2021	275	3	4.3181e+02
2021	275	3	4.4012e+02
2021	275	3	4.1666e+02
2021	275	3	4.5453e+02
2021	275	3	4.4516e+02
2021	275	4	4.5388e+02
2021	275	4	4.4017e+02
2021	275	4	4.4606e+02
2021	275	4	4.4130e+02
2021	275	4	4.3648e+02
2021	275	5	4.3694e+02
2021	275	5	4.2676e+02
2021	275	5	4.2996e+02
2021	275	5	4.2753e+02
2021	275	5	4.3800e+02
2021	275	6	4.3612e+02
2021	275	6	4.3486e+02
2021	275	6	4.2079e+02
2021	275	6	4.3332e+02
2021	275	6	4.4064e+02
2021	275	7	4.2126e+02
2021	275	7	4.2819e+02
2021	275	7	4.2445e+02
2021	275	7	4.3187e+02
2021	275	7	4.3079e+02
2021	275	8	4.3703e+02
2021	275	8	4.3814e+02
2021	275	8	4.4436e+02
2021	275	8	4.4308e+02
2021	275	9	4.1761e+02
2021	275	9	4.4218e+02
2021	275	9	4.3818e+02
2021	275	9	4.3486e+02
2021	275	9	4.3884e+02
2021	275	10	4.3994e+02
2021	275	10	4.3773e+02
2021	275	10	4.3380e+02
2021	275	10	4.3186e+02
2021	275	10	4.2815e+02
2021	275	11	4.2726e+02
2021	275	11	4.2039e+02
2021	275	11	4.2020e+02
2021	275	11	4.1530e+02
2021	275	11	4.1868e+02
2021	275	12	4.1999e+02
2021	275	12	4.1914e+02
2021	275	12	4.1093e+02
2021	275	12	4.0863e+02
2021	275	12	4.0871e+02
2021	275	13	4.1046e+02
2021	275	13	4.1856e+02
2021	275	13	4.1958e+02
2021	275	13	4.2168e+02
2021	275	13	4.0391e+02
2021	275	14	3.9416e+02
2021	275	14	3.9470e+02
2021	275	14	3.9269e+02
2021	275	14	3.8493e+02
2021	275	14	3.9761e+02
2021	275	15	4.0513e+02
2021	275	15	4.1127e+02
2021	275	15	4.2089e+02
2021	275	15	4.1252e+02
2021	275	15	4.0973e+02
2021	275	16	4.4243e+02
2021	275	16	4.2368e+02
2021	275	16	4.2299e+02
2021	275	16	4.1241e+02
2021	275	16	4.1036e+02
2021	275	17	4.0748e+02
2021	275	17	4.1104e+02
2021	275	17	4.0936e+02
2021	275	17	4.1036e+02
2021	275	17	4.1033e+02
2021	275	18	4.1279e+02
2021	275	18	4.0435e+02
2021	275	18	4.0874e+02
2021	275	18	4.0265e+02
2021	275	18	4.0006e+02
2021	275	19	4.0440e+02
2021	275	19	4.0825e+02
2021	275	19	4.0412e+02
2021	275	19	4.0238e+02
2021	275	19	4.0393e+02
2021	275	20	4.0404e+02
2021	275	20	4.0370e+02
2021	275	20	4.0052e+02
2021	275	20	3.9772e+02
2021	275	20	3.9856e+02
2021	275	21	3.9758e+02
2021	275	21	3.9740e+02
2021	275	21	4.0008e+02
2021	275	21	4.0239e+02
2021	275	21	4.0427e+02
2021	275	22	4.0368e+02
2021	275	22	4.0250e+02
2021	275	22	4.0465e+02
2021	275	22	4.0563e+02
2021	275	22	3.9800e+02
2021	275	23	4.0423e+02
2021	275	23	4.0513e+02
2021	275	23	4.0814e+02
2021	275	23	4.0790e+02
2021	276	0	4.0769e+02
2021	276	0	4.1552e+02
2021	276	0	4.0855e+02
2021	276	0	4.0796e+02
2021	276	0	4.0647e+02
2021	276	1	4.0874e+02
2021	276	1	4.0070e+02
2021	276	1	4.0282e+02
2021	276	1	3.9942e+02
2021	276	1	4.0721e+02
2021	276	2	4.0988e+02
2021	276	2	4.0968e+02
2021	276	2	4.0780e+02
2021	276	2	4.0139e+02
2021	276	2	4.0387e+02
2021	276	3	4.0206e+02
2021	276	3	4.0796e+02
2021	276	3	4.0441e+02
2021	276	3	4.1150e+02
2021	276	3	4.0984e+02
2021	276	4	3.9341e+02
2021	276	4	4.0670e+02
2021	276	4	3.9824e+02
2021	276	4	3.9931e+02
2021	276	4	3.9975e+02
2021	276	5	3.9844e+02
2021	276	5	3.9352e+02
2021	276	5	3.9296e+02
2021	276	5	3.9115e+02
2021	276	5	3.9270e+02
2021	276	6	3.8907e+02
2021	276	6	3.9213e+02
2021	276	6	3.9146e+02
2021	276	6	3.9960e+02
2021	276	6	3.9609e+02
2021	276	7	3.9649e+02
2021	276	7	3.9268e+02
2021	276	7	3.9193e+02
2021	276	7	3.9078e+02
2021	276	7	3.9265e+02
2021	276	8	3.9508e+02
2021	276	8	3.9387e+02
2021	276	8	3.9272e+02
2021	276	8	3.9620e+02
2021	276	8	4.0010e+02
2021	276	9	4.0633e+02
2021	276	9	4.1504e+02
2021	276	9	3.8685e+02
2021	276	9	3.8414e+02
2021	276	9	3.8606e+02
2021	276	10	3.9289e+02
2021	276	10	3.8932e+02
2021	276	10	3.7985e+02
2021	276	10	3.8844e+02
2021	276	10	3.8658e+02
2021	276	11	3.8639e+02
2021	276	11	3.8477e+02
2021	276	11	3.8314e+02
2021	276	11	3.8255e+02
2021	276	11	3.8059e+02
2021	276	12	3.8081e+02
2021	276	12	3.8040e+02
2021	276	12	3.8131e+02
2021	276	12	3.8012e+02
2021	276	12	3.8224e+02
2021	276	13	3.7827e+02
2021	276	13	3.8115e+02
2021	276	13	3.8166e+02
2021	276	13	3.8256e+02
2021	276	13	3.8095e+02
2021	276	14	3.8097e+02
2021	276	14	3.7965e+02
2021	276	14	3.7454e+02
2021	276	14	3.7398e+02
2021	276	14	3.7607e+02
2021	276	15	3.7811e+02
2021	276	15	3.7468e+02
2021	276	15	3.7390e+02
2021	276	15	3.7574e+02
2021	276	16	3.7720e+02
2021	276	16	3.7944e+02
2021	276	16	3.7797e+02
2021	276	16	3.7755e+02
2021	276	16	3.7774e+02
2021	276	17	3.8152e+02
2021	276	17	3.8225e+02
2021	276	17	3.8047e+02
2021	276	17	3.9388e+02
2021	276	17	3.9362e+02
2021	276	18	3.8834e+02
2021	276	18	3.9498e+02
2021	276	18	3.8626e+02
2021	276	18	3.8278e+02
2021	276	18	3.8525e+02
2021	276	19	3.8399e+02
2021	276	19	3.7649e+02
2021	276	19	3.7454e+02
2021	276	19	3.7833e+02
2021	276	19	3.7453e+02
2021	276	20	3.8244e+02
2021	276	20	3.8183e+02
2021	276	20	3.7796e+02
2021	276	20	3.7272e+02
2021	276	20	3.7506e+02
2021	276	21	3.7336e+02
2021	276	21	3.6875e+02
2021	276	21	3.6703e+02
2021	276	21	3.7260e+02
2021	276	21	3.6874e+02
2021	276	22	3.6873e+02
2021	276	22	3.6606e+02
2021	276	22	3.6031e+02
2021	276	22	3.6501e+02
2021	276	22	3.5564e+02
2021	276	23	3.6847e+02
2021	276	23	3.6710e+02
2021	276	23	3.6938e+02
2021	276	23	3.6685e+02
2021	276	23	3.6932e+02
2021	277	0	3.6579e+02
2021	277	0	3.6789e+02
2021	277	0	3.6089e+02
2021	277	0	3.6011e+02
2021	277	0	3.6464e+02
2021	277	1	3.6071e+02
2021	277	1	3.5777e+02
2021	277	1	3.5802e+02
2021	277	1	3.5542e+02
2021	277	1	3.5903e+02
2021	277	2	3.5785e+02
2021	277	2	3.5767e+02
2021	277	2	3.5536e+02
2021	277	2	3.5682e+02
2021	277	2	3.5226e+02
2021	277	3	3.5303e+02
2021	277	3	3.5221e+02
2021	277	3	3.5138e+02
2021	277	3	3.5888e+02
2021	277	3	3.5951e+02
2021	277	4	3.5451e+02
2021	277	4	3.5746e+02
2021	277	4	3.5504e+02
2021	277	4	3.5961e+02
2021	277	4	3.6379e+02
2021	277	5	3.5669e+02
2021	277	5	3.5747e+02
2021	277	5	3.5660e+02
2021	277	5	3.5823e+02
2021	277	5	3.5436e+02
2021	277	6	3.5530e+02
2021	277	6	3.5285e+02
2021	277	6	3.5040e+02
2021	277	6	3.5251e+02
2021	277	6	3.5452e+02
2021	277	7	3.4770e+02
2021	277	7	3.4698e+02
2021	277	7	3.5155e+02
2021	277	7	3.5188e+02
2021	277	8	3.4787e+02
2021	277	8	3.4534e+02
2021	277	8	3.4465e+02
2021	277	8	3.4535e+02
2021	277	8	3.4353e+02
2021	277	9	3.3904e+02
2021	277	9	3.4272e+02
2021	277	9	3.4500e+02
2021	277	9	3.4396e+02
2021	277	9	3.4794e+02
2021	277	10	3.4661e+02
2021	277	10	3.4654e+02
2021	277	10	3.4705e+02
2021	277	10	3.4778e+02
2021	277	10	3.4891e+02
2021	277	11	3.4696e+02
2021	277	11	3.4790e+02
2021	277	11	3.5061e+02
2021	277	11	3.4776e+02
2021	277	11	3.4869e+02
2021	277	12	3.4518e+02
2021	277	12	3.4510e+02
2021	277	12	3.3993e+02
2021	277	12	3.4038e+02
2021	277	12	3.4214e+02
2021	277	13	3.4089e+02
2021	277	13	3.4031e+02
2021	277	13	3.4100e+02
2021	277	13	3.3731e+02
2021	277	13	3.3640e+02
2021	277	14	3.3437e+02
2021	277	14	3.3401e+02
2021	277	14	3.3284e+02
2021	277	14	3.3262e+02
2021	277	14	3.3466e+02
2021	277	15	3.3107e+02
2021	277	15	3.2589e+02
2021	277	15	3.2743e+02
2021	277	15	3.3091e+02
2021	277	15	3.2611e+02
2021	277	16	3.2833e+02
2021	277	16	3.2990e+02
2021	277	16	3.2934e+02
2021	277	16	3.3348e+02
2021	277	16	3.3083e+02
2021	277	17	3.3170e+02
2021	277	17	3.3336e+02
2021	277	17	3.3013e+02
2021	277	17	3.3057e+02
2021	277	17	3.3022e+02
2021	277	18	3.2613e+02
2021	277	18	3.2138e+02
2021	277	18	3.2923e+02
2021	277	18	3.2792e+02
2021	277	18	3.2726e+02
2021	277	19	3.2811e+02
2021	277	19	3.2410e+02
2021	277	19	3.1477e+02
2021	277	19	3.1797e+02
2021	277	19	3.1677e+02
2021	277	20	3.1676e+02
2021	277	20	3.1656e+02
2021	277	20	3.2047e+02
2021	277	20	3.1216e+02
2021	277	20	3.2734e+02
2021	277	21	3.2787e+02
2021	277	21	3.2878e+02
2021	277	21	3.1670e+02
2021	277	21	3.0993e+02
2021	277	21	3.1479e+02
2021	277	22	3.1981e+02
2021	277	22	3.1372e+02
2021	277	22	3.1571e+02
2021	277	22	3.1938e+02
2021	277	23	3.2029e+02
2021	277	23	3.1952e+02
2021	277	23	3.2066e+02
2021	277	23	3.1797e+02
2021	277	23	3.2073e+02
2021	278	0	3.1425e+02
2021	278	0	3.1444e+02
2021	278	0	3.1245e+02
2021	278	0	3.0976e+02
2021	278	0	3.1147e+02
2021	278	1	3.1330e+02
2021	278	1	3.1962e+02
2021	278	1	3.1867e+02
2021	278	1	3.1617e+02
2021	278	1	3.1383e+02
2021	278	2	3.1496e+02
2021	278	2	3.0760e+02
2021	278	2	3.0505e+02
2021	278	2	3.0632e+02
2021	278	2	3.0697e+02
2021	278	3	3.0372e+02
2021	278	3	3.0336e+02
2021	278	3	3.0726e+02
2021	278	3	3.0551e+02
2021	278	3	3.0655e+02
2021	278	4	3.0706e+02
2021	278	4	3.0205e+02
2021	278	4	3.0472e+02
2021	278	4	3.0577e+02
2021	278	4	3.0446e+02
2021	278	5	3.0036e+02
2021	278	5	3.0186e+02
2021	278	5	2.9969e+02
2021	278	5	2.9185e+02
2021	278	5	2.9071e+02
2021	278	6	2.8969e+02
2021	278	6	2.9489e+02
2021	278	6	2.9368e+02
2021	278	6	2.9208e+02
2021	278	6	2.8983e+02
2021	278	7	2.8870e+02
2021	278	7	2.8913e+02
2021	278	7	2.8711e+02
2021	278	7	2.8804e+02
2021	278	7	2.8840e+02
2021	278	8	2.8556e+02
2021	278	8	2.8581e+02
2021	278	8	2.8472e+02
2021	278	8	2.8708e+02
2021	278	8	2.8540e+02
2021	278	9	2.8353e+02
2021	278	9	2.8497e+02
2021	278	9	2.8528e+02
2021	278	9	2.8199e+02
2021	278	9	2.8427e+02
2021	278	10	2.8355e+02
2021	278	10	2.8623e+02
2021	278	10	2.8300e+02
2021	278	10	2.8544e+02
2021	278	10	2.8480e+02
2021	278	11	2.8493e+02
2021	278	11	2.8511e+02
2021	278	11	2.8541e+02
2021	278	11	2.8626e+02
2021	278	11	2.8794e+02
2021	278	12	2.8587e+02
2021	278	12	2.8613e+02
2021	278	12	2.8544e+02
2021	278	12	2.8707e+02
2021	278	12	2.8641e+02
2021	278	13	2.8567e+02
2021	278	13	2.8811e+02
2021	278	13	3.0925e+02
2021	278	13	3.0473e+02
2021	278	13	3.0416e+02
2021	278	14	3.0591e+02
2021	278	14	3.0447e+02
2021	278	14	3.0275e+02
2021	278	14	3.0233e+02
2021	278	15	3.0108e+02
2021	278	15	3.0200e+02
2021	278	15	3.0712e+02
2021	278	15	3.0542e+02
2021	278	15	3.0656e+02
2021	278	16	3.0972e+02
2021	278	16	3.0615e+02
2021	278	16	3.0048e+02
2021	278	16	3.0547e+02
2021	278	16	2.9961e+02
2021	278	17	2.9955e+02
2021	278	17	2.9919e+02
2021	278	17	2.9744e+02
2021	278	17	2.9028e+02
2021	278	17	2.9488e+02
2021	278	18	2.9608e+02
2021	278	18	2.9600e+02
2021	278	18	2.9639e+02
2021	278	18	2.9952e+02
2021	278	18	2.9396e+02
2021	278	19	2.9351e+02
2021	278	19	2.9432e+02
2021	278	19	2.9259e+02
2021	278	19	2.9274e+02
2021	278	19	2.9000e+02
2021	278	20	2.9234e+02
2021	278	20	2.9392e+02
2021	278	20	2.9267e+02
2021	278	20	2.9621e+02
2021	278	20	3.0227e+02
2021	278	21	3.0235e+02
2021	278	21	3.0252e+02
2021	278	21	3.0249e+02
2021	278	21	3.0089e+02
2021	278	21	3.0323e+02
2021	278	22	3.0040e+02
2021	278	22	3.0041e+02
2021	278	22	3.0602e+02
2021	278	22	3.0451e+02
2021	278	22	3.0283e+02
2021	278	23	3.0309e+02
2021	278	23	3.0379e+02
2021	278	23	3.0274e+02
2021	278	23	3.0024e+02
2021	278	23	3.0276e+02
2021	279	0	3.0244e+02
2021	279	0	3.0275e+02
2021	279	0	2.9939e+02
2021	279	0	3.0231e+02
2021	279	0	3.0406e+02
2021	279	1	3.0348e+02
2021	279	1	3.0346e+02
2021	279	1	3.0259e+02
2021	279	1	3.0289e+02
2021	279	1	3.0235e+02
2021	279	2	3.0348e+02
2021	279	2	3.0340e+02
2021	279	2	3.1775e+02
2021	279	2	3.2039e+02
2021	279	2	3.2101e+02
2021	279	3	3.1947e+02
2021	279	3	3.1761e+02
2021	279	3	3.1579e+02
2021	279	3	3.1959e+02
2021	279	3	3.1876e+02
2021	279	4	3.1863e+02
2021	279	4	3.1957e+02
2021	279	4	3.1879e+02
2021	279	4	3.1938e+02
2021	279	4	3.1631e+02
2021	279	5	3.1841e+02
2021	279	5	3.1848e+02
2021	279	5	3.1676e+02
2021	279	5	3.1804e+02
2021	279	6	3.2040e+02
2021	279	6	3.1646e+02
2021	279	6	3.2025e+02
2021	279	6	3.3373e+02
2021	279	6	3.2711e+02
2021	279	7	3.2952e+02
2021	279	7	3.2829e+02
2021	279	7	3.2586e+02
2021	279	7	3.2567e+02
2021	279	7	3.2047e+02
2021	279	8	3.2067e+02
2021	279	8	3.1457e+02
2021	279	8	3.1309e+02
2021	279	8	3.1291e+02
2021	279	8	3.1649e+02
2021	279	9	3.2249e+02
2021	279	9	3.2742e+02
2021	279	9	3.2429e+02
2021	279	9	3.2334e+02
2021	279	9	3.2346e+02
2021	279	10	3.2699e+02
2021	279	10	3.2786e+02
2021	279	10	3.2540e+02
2021	279	10	3.2820e+02
2021	279	10	3.3027e+02
2021	279	11	3.2892e+02
2021	279	11	3.2935e+02
2021	279	11	3.3089e+02
2021	279	11	3.2993e+02
2021	279	11	3.2611e+02
2021	279	12	3.2708e+02
2021	279	12	3.2670e+02
2021	279	12	3.2414e+02
2021	279	12	3.2730e+02
2021	279	12	3.2429e+02
2021	279	13	3.2102e+02
2021	279	13	3.2337e+02
2021	279	13	3.2312e+02
2021	279	13	3.2295e+02
2021	279	13	3.2471e+02
2021	279	14	3.2238e+02
2021	279	14	3.2448e+02
2021	279	14	3.2237e+02
2021	279	14	3.2542e+02
2021	279	14	3.2254e+02
2021	279	15	3.2219e+02
2021	279	15	3.2786e+02
2021	279	15	3.2820e+02
2021	279	15	3.2165e+02
2021	279	15	3.2056e+02
2021	279	16	3.1708e+02
2021	279	16	3.2411e+02
2021	279	16	3.1991e+02
2021	279	16	3.1836e+02
2021	279	16	3.2248e+02
2021	279	17	3.2017e+02
2021	279	17	3.1550e+02
2021	279	17	3.1590e+02
2021	279	17	3.2639e+02
2021	279	17	3.2753e+02
2021	279	18	3.2002e+02
2021	279	18	3.1756e+02
2021	279	18	3.2036e+02
2021	279	18	3.1789e+02
2021	279	18	3.2160e+02
2021	279	19	3.1877e+02
2021	279	19	3.1566e+02
2021	279	19	3.1239e+02
2021	279	19	3.1138e+02
2021	279	19	3.1313e+02
2021	279	20	3.1145e+02
2021	279	20	3.1494e+02
2021	279	20	3.1502e+02
2021	279	20	3.1091e+02
2021	279	21	3.1693e+02
2021	279	21	3.1663e+02
2021	279	21	3.1405e+02
2021	279	21	3.1378e+02
2021	279	21	3.0851e+02
2021	279	22	3.0740e+02
2021	279	22	3.0588e+02
2021	279	22	3.0453e+02
2021	279	22	3.0448e+02
2021	279	22	3.0166e+02
2021	279	23	2.9774e+02
2021	279	23	2.9737e+02
2021	279	23	2.9757e+02
2021	279	23	2.9760e+02
2021	279	23	2.9630e+02
2021	280	0	2.9741e+02
2021	280	0	2.9922e+02
2021	280	0	2.9978e+02
2021	280	0	2.9903e+02
2021	280	0	2.9924e+02
2021	280	1	2.9843e+02
2021	280	1	2.9668e+02
2021	280	1	2.9765e+02
2021	280	1	2.9800e+02
2021	280	1	3.0375e+02
2021	280	2	2.9935e+02
2021	280	2	2.9390e+02
2021	280	2	2.9857e+02
2021	280	2	2.9432e+02
2021	280	2	2.8624e+02
2021	280	3	2.9081e+02
2021	280	3	2.9187e+02
2021	280	3	2.9880e+02
2021	280	3	2.9400e+02
2021	280	3	3.0447e+02
2021	280	4	3.1142e+02
2021	280	4	3.0361e+02
2021	280	4	3.0232e+02
2021	280	4	3.0883e+02
2021	280	4	3.2541e+02
2021	280	5	3.2574e+02
2021	280	5	3.2856e+02
2021	280	5	3.3324e+02
2021	280	5	3.3955e+02
2021	280	5	3.3800e+02
2021	280	6	3.3356e+02
2021	280	6	3.2639e+02
2021	280	6	3.2791e+02
2021	280	6	3.3802e+02
2021	280	6	3.3482e+02
2021	280	7	3.3509e+02
2021	280	7	3.4143e+02
2021	280	7	3.4044e+02
2021	280	7	3.2535e+02
2021	280	7	3.4162e+02
2021	280	8	3.3170e+02
2021	280	8	3.3064e+02
2021	280	8	3.2445e+02
2021	280	8	3.3208e+02
2021	280	8	3.3033e+02
2021	280	9	3.1287e+02
2021	280	9	3.2355e+02
2021	280	9	3.2579e+02
2021	280	9	3.2346e+02
2021	280	9	3.2648e+02
2021	280	10	3.2302e+02
2021	280	10	3.3689e+02
2021	280	10	3.3847e+02
2021	280	10	3.2321e+02
2021	280	10	3.1722e+02
2021	280	11	3.2370e+02
2021	280	11	3.2472e+02
2021	280	11	3.2788e+02
2021	280	11	3.2863e+02
2021	280	11	3.3148e+02
2021	280	12	3.3001e+02
2021	280	12	3.2898e+02
2021	280	12	3.2421e+02
2021	280	12	3.2389e+02
2021	280	13	3.1497e+02
2021	280	13	3.2038e+02
2021	280	13	3.3782e+02
2021	280	13	3.2389e+02
2021	280	13	3.2161e+02
2021	280	14	3.2180e+02
2021	280	14	3.2420e+02
2021	280	14	3.1893e+02
2021	280	14	3.1398e+02
2021	280	14	3.1229e+02
2021	280	15	3.1460e+02
2021	280	15	3.1268e+02
2021	280	15	3.1278e+02
2021	280	15	3.1855e+02
2021	280	15	3.1911e+02
2021	280	16	3.1746e+02
2021	280	16	3.0935e+02
2021	280	16	3.1277e+02
2021	280	16	3.1620e+02
2021	280	16	3.1134e+02
2021	280	17	3.1006e+02
2021	280	17	3.1015e+02
2021	280	17	3.1044e+02
2021	280	17	3.0806e+02
2021	280	17	3.0553e+02
2021	280	18	3.0627e+02
2021	280	18	3.1063e+02
2021	280	18	3.1015e+02
2021	280	18	3.1049e+02
2021	280	18	3.1301e+02
2021	280	19	3.1357e+02
2021	280	19	3.2537e+02
2021	280	19	3.0903e+02
2021	280	19	3.1338e+02
2021	280	19	3.1920e+02
2021	280	20	3.0885e+02
2021	280	20	3.0936e+02
2021	280	20	3.0652e+02
2021	280	20	3.0652e+02
2021	280	20	3.1144e+02
2021	280	21	3.1130e+02
2021	280	21	3.0962e+02
2021	280	21	3.0547e+02
2021	280	21	3.0896e+02
2021	280	21	3.0863e+02
2021	280	22	3.0965e+02
2021	280	22	3.0841e+02
2021	280	22	3.0715e+02
2021	280	22	3.0877e+02
2021	280	22	3.0599e+02
2021	280	23	3.0832e+02
2021	280	23	3.0566e+02
2021	280	23	3.0857e+02
2021	280	23	3.0825e+02
2021	280	23	3.0517e+02
2021	281	0	3.0257e+02
2021	281	0	3.0395e+02
2021	281	0	3.0374e+02
2021	281	0	3.0245e+02
2021	281	0	3.0111e+02
2021	281	1	3.0664e+02
2021	281	1	3.0762e+02
2021	281	1	3.0246e+02
2021	281	1	3.0421e+02
2021	281	1	3.0655e+02
2021	281	2	3.0679e+02
2021	281	2	3.0981e+02
2021	281	2	3.0857e+02
2021	281	2	3.0420e+02
2021	281	2	3.0364e+02
2021	281	3	3.0102e+02
2021	281	3	3.0257e+02
2021	281	3	3.0440e+02
2021	281	3	3.0499e+02
2021	281	4	3.0193e+02
2021	281	4	3.0094e+02
2021	281	4	3.0019e+02
2021	281	4	2.9898e+02
2021	281	4	2.9912e+02
2021	281	5	2.9675e+02
2021	281	5	3.0048e+02
2021	281	5	2.9602e+02
2021	281	5	2.9768e+02
2021	281	5	3.0164e+02
2021	281	6	3.0165e+02
2021	281	6	3.0083e+02
2021	281	6	2.9032e+02
2021	281	6	2.9000e+02
2021	281	6	2.9132e+02
2021	281	7	2.9345e+02
2021	281	7	2.9328e+02
2021	281	7	3.0054e+02
2021	281	7	2.9546e+02
2021	281	7	2.9719e+02
2021	281	8	2.9481e+02
2021	281	8	2.9622e+02
2021	281	8	2.9675e+02
2021	281	8	2.9529e+02
2021	281	8	2.9094e+02
2021	281	9	2.8565e+02
2021	281	9	2.8759e+02
2021	281	9	2.8710e+02
2021	281	9	2.9094e+02
2021	281	9	2.9028e+02
2021	281	10	2.9195e+02
2021	281	10	2.9067e+02
2021	281	10	2.9044e+02
2021	281	10	2.9225e+02
2021	281	10	2.9087e+02
2021	281	11	2.8679e+02
2021	281	11	2.8806e+02
2021	281	11	2.8996e+02
2021	281	11	2.9031e+02
2021	281	11	2.8980e+02
2021	281	12	2.8755e+02
2021	281	12	2.8770e+02
2021	281	12	2.8917e+02
2021	281	12	2.8678e+02
2021	281	12	2.9098e+02
2021	281	13	2.9280e+02
2021	281	13	2.9152e+02
2021	281	13	2.9475e+02
2021	281	13	2.8867e+02
2021	281	13	2.8927e+02
2021	281	14	2.9231e+02
2021	281	14	2.8993e+02
2021	281	14	2.9077e+02
2021	281	14	2.8723e+02
2021	281	14	2.8636e+02
2021	281	15	2.8984e+02
2021	281	15	2.8776e+02
2021	281	15	2.8949e+02
2021	281	15	2.8153e+02
2021	281	15	2.8266e+02
2021	281	16	2.8223e+02
2021	281	16	2.8290e+02
2021	281	16	2.8055e+02
2021	281	16	2.8303e+02
2021	281	16	2.8369e+02
2021	281	17	2.8579e+02
2021	281	17	2.8592e+02
2021	281	17	2.8495e+02
2021	281	17	2.8644e+02
2021	281	17	2.8603e+02
2021	281	18	2.8673e+02
2021	281	18	2.8806e+02
2021	281	18	2.8383e+02
2021	281	18	2.8712e+02
2021	281	18	2.8678e+02
2021	281	19	2.8679e+02
2021	281	19	2.8640e+02
2021	281	19	2.8673e+02
2021	281	19	2.8637e+02
2021	281	20	2.8510e+02
2021	281	20	2.8301e+02
2021	281	20	2.8342e+02
2021	281	20	2.8154e+02
2021	281	20	2.7906e+02
2021	281	21	2.8457e+02
2021	281	21	2.8620e+02
2021	281	21	2.8806e+02
2021	281	21	2.8774e+02
2021	281	21	2.8678e+02
2021	281	22	2.8642e+02
2021	281	22	2.8830e+02
2021	281	22	2.8424e+02
2021	281	22	2.9047e+02
2021	281	22	2.8646e+02
2021	281	23	2.8753e+02
2021	281	23	2.8758e+02
2021	281	23	2.8616e+02
2021	281	23	2.8566e+02
2021	281	23	2.8535e+02
2021	282	0	2.8676e+02
2021	282	0	2.8778e+02
2021	282	0	2.8635e+02
2021	282	0	2.8819e+02
2021	282	0	2.8964e+02
2021	282	1	2.9587e+02
2021	282	1	2.8566e+02
2021	282	1	2.8621e+02
2021	282	1	2.9195e+02
2021	282	1	2.9294e+02
2021	282	2	2.8469e+02
2021	282	2	2.8250e+02
2021	282	2	2.8165e+02
2021	282	2	2.8251e+02
2021	282	2	2.8512e+02
2021	282	3	2.8475e+02
2021	282	3	2.8643e+02
2021	282	3	2.8486e+02
2021	282	3	2.8329e+02
2021	282	3	2.8444e+02
2021	282	4	2.8568e+02
2021	282	4	2.8635e+02
2021	282	4	2.8718e+02
2021	282	4	2.8615e+02
2021	282	4	2.9700e+02
2021	282	5	2.9205e+02
2021	282	5	2.9271e+02
2021	282	5	2.9353e+02
2021	282	5	2.9133e+02
2021	282	5	2.9065e+02
2021	282	6	2.9272e+02
2021	282	6	2.9312e+02
2021	282	6	2.9213e+02
2021	282	6	2.8985e+02
2021	282	6	2.9074e+02
2021	282	7	2.8870e+02
2021	282	7	2.8553e+02
2021	282	7	2.8627e+02
2021	282	7	2.8876e+02
2021	282	7	2.8868e+02
2021	282	8	2.8434e+02
2021	282	8	2.8813e+02
2021	282	8	2.7876e+02
2021	282	8	2.7580e+02
2021	282	8	2.7310e+02
2021	282	9	2.7254e+02
2021	282	9	2.6951e+02
2021	282	9	2.6996e+02
2021	282	9	2.7062e+02
2021	282	9	2.7478e+02
2021	282	10	2.7538e+02
2021	282	10	2.8383e+02
2021	282	10	2.8781e+02
2021	282	10	3.0276e+02
2021	282	11	2.6521e+02
2021	282	11	2.7160e+02
2021	282	11	2.8001e+02
2021	282	11	3.0254e+02
2021	282	11	2.9929e+02
2021	282	12	2.8371e+02
2021	282	12	2.9151e+02
2021	282	12	2.9655e+02
2021	282	12	2.9535e+02
2021	282	12	2.9008e+02
2021	282	13	2.8653e+02
2021	282	13	2.9744e+02
2021	282	13	2.9893e+02
2021	282	13	2.9880e+02
2021	282	13	2.9732e+02
2021	282	14	2.9800e+02
2021	282	14	2.9565e+02
2021	282	14	2.9580e+02
2021	282	14	2.9680e+02
2021	282	14	2.9706e+02
2021	282	15	2.9793e+02
2021	282	15	2.9659e+02
2021	282	15	2.9595e+02
2021	282	15	2.9604e+02
2021	282	15	2.9861e+02
2021	282	16	2.9671e+02
2021	282	16	2.9696e+02
2021	282	16	2.9340e+02
2021	282	16	2.9436e+02
2021	282	16	2.9425e+02
2021	282	17	2.9410e+02
2021	282	17	2.9289e+02
2021	282	17	2.9150e+02
2021	282	17	2.9133e+02
2021	282	17	2.9147e+02
2021	282	18	2.9185e+02
2021	282	18	2.9100e+02
2021	282	18	2.9137e+02
2021	282	18	2.9182e+02
2021	282	18	2.9151e+02
2021	282	19	2.9164e+02
2021	282	19	2.9240e+02
2021	282	19	2.9173e+02
2021	282	19	2.9244e+02
2021	282	19	2.9323e+02
2021	282	20	2.9108e+02
2021	282	20	2.9224e+02
2021	282	20	2.9018e+02
2021	282	20	2.9181e+02
2021	282	20	2.9379e+02
2021	282	21	2.9414e+02
2021	282	21	2.9497e+02
2021	282	21	2.9465e+02
2021	282	21	2.9174e+02
2021	282	21	2.8951e+02
2021	282	22	2.9269e+02
2021	282	22	2.9777e+02
2021	282	22	3.0005e+02
2021	282	22	2.9666e+02
2021	282	22	2.9639e+02
2021	282	23	2.9606e+02
2021	282	23	2.9535e+02
2021	282	23	2.9589e+02
2021	282	23	2.9566e+02
2021	282	23	2.9617e+02
2021	283	0	2.9611e+02
2021	283	0	2.9568e+02
2021	283	0	2.9523e+02
2021	283	0	2.9764e+02
2021	283	0	2.9549e+02
2021	283	1	2.9900e+02
2021	283	1	2.9931e+02
2021	283	1	3.0046e+02
2021	283	1	2.9889e+02
2021	283	1	2.9568e+02
2021	283	2	2.9612e+02
2021	283	2	2.9581e+02
2021	283	2	2.9904e+02
2021	283	2	3.0148e+02
2021	283	3	3.0150e+02
2021	283	3	3.0245e+02
2021	283	3	3.0030e+02
2021	283	3	3.0128e+02
2021	283	3	0
2021	283	4	3.0387e+02
2021	283	4	0
2021	283	4	2.9695e+02
2021	283	4	2.8912e+02
2021	283	4	3.0287e+02
2021	283	5	2.9844e+02
2021	283	5	3.0029e+02
2021	283	5	3.0965e+02
2021	283	5	3.1024e+02
2021	283	5	3.0386e+02
2021	283	6	3.0591e+02
2021	283	6	3.0600e+02
2021	283	6	3.0653e+02
2021	283	6	3.0516e+02
2021	283	6	3.0174e+02
2021	283	7	3.0319e+02
2021	283	7	3.0062e+02
2021	283	7	2.9995e+02
2021	283	7	2.9989e+02
2021	283	7	2.9997e+02
2021	283	8	2.9758e+02
2021	283	8	2.9653e+02
2021	283	8	2.9577e+02
2021	283	8	2.9526e+02
2021	283	8	2.9573e+02
2021	283	9	2.9616e+02
2021	283	9	2.9623e+02
2021	283	9	2.9892e+02
2021	283	9	2.9777e+02
2021	283	9	2.9758e+02
2021	283	10	2.9485e+02
2021	283	10	2.9383e+02
2021	283	10	2.9510e+02
2021	283	10	2.9508e+02
2021	283	10	2.9539e+02
2021	283	11	2.9598e+02
2021	283	11	2.9411e+02
2021	283	11	2.9580e+02
2021	283	11	2.9593e+02
2021	283	11	2.9428e+02
2021	283	12	2.9703e+02
2021	283	12	2.9468e+02
2021	283	12	2.9599e+02
2021	283	12	2.9912e+02
2021	283	12	2.9646e+02
2021	283	13	2.9443e+02
2021	283	13	2.9982e+02
2021	283	13	3.0431e+02
2021	283	13	3.0545e+02
2021	283	13	3.0993e+02
2021	283	14	3.0900e+02
2021	283	14	3.0883e+02
2021	283	14	3.1355e+02
2021	283	14	3.1315e+02
2021	283	14	3.1269e+02
2021	283	15	3.1507e+02
2021	283	15	3.1616e+02
2021	283	15	3.0686e+02
2021	283	15	3.0784e+02
2021	283	15	3.0658e+02
2021	283	16	3.0596e+02
2021	283	16	3.0603e+02
2021	283	16	3.0444e+02
2021	283	16	3.0420e+02
2021	283	16	3.0405e+02
2021	283	17	3.0294e+02
2021	283	17	3.0941e+02
2021	283	17	3.1091e+02
2021	283	17	3.0784e+02
2021	283	18	3.0924e+02
2021	283	18	3.0835e+02
2021	283	18	3.0904e+02
2021	283	18	3.1452e+02
2021	283	18	3.1165e+02
2021	283	19	3.0994e+02
2021	283	19	3.1556e+02
2021	283	19	3.1874e+02
2021	283	19	3.1889e+02
2021	283	19	0
2021	283	20	3.2945e+02
2021	283	20	3.2599e+02
2021	283	20	3.2812e+02
2021	283	20	3.3643e+02
2021	283	20	3.3202e+02
2021	283	21	3.3005e+02
2021	283	21	3.2774e+02
2021	283	21	3.2577e+02
2021	283	21	3.2285e+02
2021	283	21	3.2715e+02
2021	283	22	3.2799e+02
2021	283	22	3.2413e+02
2021	283	22	3.2248e+02
2021	283	22	3.1958e+02
2021	283	22	3.1754e+02
2021	283	23	3.1892e+02
2021	283	23	3.2280e+02
2021	283	23	3.1872e+02
2021	283	23	3.3606e+02
2021	283	23	3.3068e+02
2021	284	0	3.3243e+02
2021	284	0	3.3386e+02
2021	284	0	3.2836e+02
2021	284	0	3.2738e+02
2021	284	0	3.2408e+02
2021	284	1	3.3012e+02
2021	284	1	3.3785e+02
2021	284	1	3.6013e+02
2021	284	1	3.5531e+02
2021	284	1	3.3615e+02
2021	284	2	3.3443e+02
2021	284	2	3.4147e+02
2021	284	2	3.4809e+02
2021	284	2	3.4459e+02
2021	284	2	3.4737e+02
2021	284	3	3.5083e+02
2021	284	3	3.7661e+02
2021	284	3	3.8004e+02
2021	284	3	3.6541e+02
2021	284	3	3.7219e+02
2021	284	4	3.6789e+02
2021	284	4	3.7541e+02
2021	284	4	3.8390e+02
2021	284	4	3.8757e+02
2021	284	4	3.8357e+02
2021	284	5	3.9421e+02
2021	284	5	3.8440e+02
2021	284	5	3.8211e+02
2021	284	5	3.9248e+02
2021	284	5	3.8663e+02
2021	284	6	3.8679e+02
2021	284	6	3.7276e+02
2021	284	6	3.7292e+02
2021	284	6	3.7204e+02
2021	284	6	3.7153e+02
2021	284	7	3.7298e+02
2021	284	7	3.6956e+02
2021	284	7	3.7755e+02
2021	284	7	3.8994e+02
2021	284	7	3.8655e+02
2021	284	8	3.7974e+02
2021	284	8	3.6014e+02
2021	284	8	3.9964e+02
2021	284	8	3.9756e+02
2021	284	8	3.9187e+02
2021	284	9	3.8858e+02
2021	284	9	3.7715e+02
2021	284	9	3.7368e+02
2021	284	9	3.6885e+02
2021	284	10	3.8264e+02
2021	284	10	3.8868e+02
2021	284	10	3.8607e+02
2021	284	10	3.8416e+02
2021	284	10	3.8241e+02
2021	284	11	3.8977e+02
2021	284	11	3.8050e+02
2021	284	11	3.8911e+02
2021	284	11	3.9366e+02
2021	284	11	3.9014e+02
2021	284	12	3.9610e+02
2021	284	12	3.8836e+02
2021	284	12	3.8724e+02
2021	284	12	3.8466e+02
2021	284	12	3.7876e+02
2021	284	13	3.8744e+02
2021	284	13	3.9277e+02
2021	284	13	3.7792e+02
2021	284	13	3.8425e+02
2021	284	13	3.9214e+02
2021	284	14	3.8277e+02
2021	284	14	3.7810e+02
2021	284	14	3.7782e+02
2021	284	14	3.7821e+02
2021	284	14	3.7573e+02
2021	284	15	3.6811e+02
2021	284	15	3.7204e+02
2021	284	15	3.5819e+02
2021	284	15	3.5929e+02
2021	284	15	3.7958e+02
2021	284	16	3.6821e+02
2021	284	16	3.7294e+02
2021	284	16	3.6479e+02
2021	284	16	3.5046e+02
2021	284	16	3.7417e+02
2021	284	17	3.8370e+02
2021	284	17	3.7588e+02
2021	284	17	3.7117e+02
2021	284	17	3.7506e+02
2021	284	17	3.6917e+02
2021	284	18	3.6788e+02
2021	284	18	3.6350e+02
2021	284	18	3.6495e+02
2021	284	18	3.6884e+02
2021	284	18	3.6836e+02
2021	284	19	3.6756e+02
2021	284	19	3.6965e+02
2021	284	19	3.7027e+02
2021	284	19	3.6762e+02
2021	284	19	3.7355e+02
2021	284	20	3.6832e+02
2021	284	20	3.6881e+02
2021	284	20	3.6692e+02
2021	284	20	3.6807e+02
2021	284	20	3.6804e+02
2021	284	21	3.6454e+02
2021	284	21	3.6368e+02
2021	284	21	3.6611e+02
2021	284	21	3.6297e+02
2021	284	21	3.5998e+02
2021	284	22	3.6122e+02
2021	284	22	3.5914e+02
2021	284	22	3.5767e+02
2021	284	22	3.5736e+02
2021	284	22	3.5251e+02
2021	284	23	3.6422e+02
2021	284	23	3.5991e+02
2021	284	23	3.5573e+02
2021	284	23	3.5171e+02
2021	284	23	3.5853e+02
2021	285	0	3.6423e+02
2021	285	0	3.6170e+02
2021	285	0	3.6410e+02
2021	285	0	3.6248e+02
2021	285	1	3.5601e+02
2021	285	1	3.6043e+02
2021	285	1	3.6243e+02
2021	285	1	3.5809e+02
2021	285	1	3.5985e+02
2021	285	2	4.7637e+02
2021	285	2	4.6776e+02
2021	285	2	4.6432e+02
2021	285	2	4.4050e+02
2021	285	2	4.3249e+02
2021	285	3	4.2796e+02
2021	285	3	0
2021	285	3	4.4177e+02
2021	285	3	4.2663e+02
2021	285	3	4.4097e+02
2021	285	4	4.4337e+02
2021	285	4	4.5043e+02
2021	285	4	4.5057e+02
2021	285	4	4.5460e+02
2021	285	4	4.4829e+02
2021	285	5	4.4516e+02
2021	285	5	4.4940e+02
2021	285	5	4.5101e+02
2021	285	5	4.5778e+02
2021	285	5	4.5095e+02
2021	285	6	4.5650e+02
2021	285	6	4.6176e+02
2021	285	6	4.4976e+02
2021	285	6	0
2021	285	6	4.7921e+02
2021	285	7	4.9455e+02
2021	285	7	4.9958e+02
2021	285	7	3.9044e+02
2021	285	7	4.7271e+02
2021	285	7	4.5410e+02
2021	285	8	4.5417e+02
2021	285	8	4.5125e+02
2021	285	8	4.5227e+02
2021	285	8	4.5502e+02
2021	285	8	4.6107e+02
2021	285	9	4.5144e+02
2021	285	9	4.5470e+02
2021	285	9	4.4906e+02
2021	285	9	4.4677e+02
2021	285	9	4.4731e+02
2021	285	10	4.4467e+02
2021	285	10	4.4027e+02
2021	285	10	4.4240e+02
2021	285	10	4.4499e+02
2021	285	10	4.4056e+02
2021	285	11	4.4293e+02
2021	285	11	4.4265e+02
2021	285	11	4.5073e+02
2021	285	11	4.4421e+02
2021	285	11	4.4970e+02
2021	285	12	4.4292e+02
2021	285	12	4.3995e+02
2021	285	12	4.4076e+02
2021	285	12	4.5196e+02
2021	285	12	4.5805e+02
2021	285	13	4.5219e+02
2021	285	13	4.4303e+02
2021	285	13	4.5065e+02
2021	285	13	4.5133e+02
2021	285	13	4.4768e+02
2021	285	14	4.5584e+02
2021	285	14	4.5522e+02
2021	285	14	4.5969e+02
2021	285	14	4.6340e+02
2021	285	14	4.6350e+02
2021	285	15	4.7261e+02
2021	285	15	4.7154e+02
2021	285	15	4.8410e+02
2021	285	15	4.7781e+02
2021	285	15	4.6709e+02
2021	285	16	4.7103e+02
2021	285	16	4.6849e+02
2021	285	16	4.6549e+02
2021	285	16	4.5458e+02
2021	285	17	4.5530e+02
2021	285	17	4.4735e+02
2021	285	17	4.5410e+02
2021	285	17	4.3867e+02
2021	285	17	4.3225e+02
2021	285	18	4.3466e+02
2021	285	18	4.3119e+02
2021	285	18	4.6650e+02
2021	285	18	4.5259e+02
2021	285	18	4.6372e+02
2021	285	19	4.6144e+02
2021	285	19	4.5243e+02
2021	285	19	4.4751e+02
2021	285	19	4.5112e+02
2021	285	19	4.5566e+02
2021	285	20	4.5702e+02
2021	285	20	4.4721e+02
2021	285	20	4.4312e+02
2021	285	20	4.4060e+02
2021	285	20	4.3860e+02
2021	285	21	4.4098e+02
2021	285	21	4.3212e+02
2021	285	21	4.2934e+02
2021	285	21	4.3148e+02
2021	285	21	4.6112e+02
2021	285	22	4.5045e+02
2021	285	22	4.5140e+02
2021	285	22	4.5167e+02
2021	285	22	4.4199e+02
2021	285	22	4.4641e+02
2021	285	23	4.4791e+02
2021	285	23	4.4689e+02
2021	285	23	4.4239e+02
2021	285	23	4.4407e+02
2021	285	23	4.4215e+02
2021	286	0	4.4536e+02
2021	286	0	4.4562e+02
2021	286	0	4.4384e+02
2021	286	0	4.4160e+02
2021	286	0	4.4009e+02
2021	286	1	4.4062e+02
2021	286	1	4.3773e+02
2021	286	1	4.4126e+02
2021	286	1	4.3507e+02
2021	286	1	4.3885e+02
2021	286	2	4.3618e+02
2021	286	2	4.4415e+02
2021	286	2	4.3544e+02
2021	286	2	4.4276e+02
2021	286	2	4.4161e+02
2021	286	3	4.4127e+02
2021	286	3	4.3847e+02
2021	286	3	4.3770e+02
2021	286	3	4.3800e+02
2021	286	3	4.3806e+02
2021	286	4	4.3527e+02
2021	286	4	4.3362e+02
2021	286	4	4.3271e+02
2021	286	4	4.3726e+02
2021	286	4	4.3163e+02
2021	286	5	4.3139e+02
2021	286	5	4.3190e+02
2021	286	5	4.3168e+02
2021	286	5	4.3099e+02
2021	286	5	4.2957e+02
2021	286	6	4.3439e+02
2021	286	6	4.2904e+02
2021	286	6	4.3154e+02
2021	286	6	4.2469e+02
2021	286	6	4.2580e+02
2021	286	7	4.2630e+02
2021	286	7	4.2922e+02
2021	286	7	4.2970e+02
2021	286	7	4.3060e+02
2021	286	7	4.2858e+02
2021	286	8	4.2682e+02
2021	286	8	4.1974e+02
2021	286	8	4.1869e+02
2021	286	8	4.1744e+02
2021	286	9	4.1937e+02
2021	286	9	4.1761e+02
2021	286	9	4.1767e+02
2021	286	9	4.1900e+02
2021	286	9	4.1763e+02
2021	286	10	4.1579e+02
2021	286	10	4.1578e+02
2021	286	10	4.1420e+02
2021	286	10	4.1200e+02
2021	286	10	4.0883e+02
2021	286	11	4.0752e+02
2021	286	11	4.0920e+02
2021	286	11	4.1023e+02
2021	286	11	4.1007e+02
2021	286	11	4.0731e+02
2021	286	12	4.0829e+02
2021	286	12	4.0487e+02
2021	286	12	4.0323e+02
2021	286	12	4.0962e+02
2021	286	12	4.0969e+02
2021	286	13	4.0762e+02
2021	286	13	3.9595e+02
2021	286	13	4.0876e+02
2021	286	13	4.0853e+02
2021	286	13	4.0454e+02
2021	286	14	3.9601e+02
2021	286	14	3.9798e+02
2021	286	14	4.0117e+02
2021	286	14	4.0028e+02
2021	286	14	4.0020e+02
2021	286	15	3.9848e+02
2021	286	15	3.9514e+02
2021	286	15	3.9616e+02
2021	286	15	3.9704e+02
2021	286	15	3.9167e+02
2021	286	16	3.9566e+02
2021	286	16	3.9495e+02
2021	286	16	4.0262e+02
2021	286	16	4.0414e+02
2021	286	16	3.9821e+02
2021	286	17	3.9744e+02
2021	286	17	3.9478e+02
2021	286	17	3.9478e+02
2021	286	17	3.9531e+02
2021	286	17	3.9451e+02
2021	286	18	3.9597e+02
2021	286	18	3.9673e+02
2021	286	18	3.9907e+02
2021	286	18	3.9848e+02
2021	286	18	3.9667e+02
2021	286	19	3.9363e+02
2021	286	19	3.9244e+02
2021	286	19	3.9368e+02
2021	286	19	3.9180e+02
2021	286	19	3.9066e+02
2021	286	20	3.9092e+02
2021	286	20	3.8867e+02
2021	286	20	3.9049e+02
2021	286	20	3.9045e+02
2021	286	20	3.9272e+02
2021	286	21	3.9251e+02
2021	286	21	3.8896e+02
2021	286	21	3.9227e+02
2021	286	21	3.9083e+02
2021	286	21	3.8551e+02
2021	286	22	3.8255e+02
2021	286	22	3.8272e+02
2021	286	22	3.8176e+02
2021	286	22	3.7558e+02
2021	286	22	3.7628e+02
2021	286	23	3.7371e+02
2021	286	23	3.8083e+02
2021	286	23	4.0084e+02
2021	286	23	3.9507e+02
2021	286	23	3.8796e+02
2021	287	0	3.8878e+02
2021	287	0	3.8698e+02
2021	287	0	3.8540e+02
2021	287	0	3.8669e+02
2021	287	1	3.8917e+02
2021	287	1	3.8699e+02
2021	287	1	3.8057e+02
2021	287	1	3.8163e+02
2021	287	1	3.8572e+02
2021	287	2	3.8561e+02
2021	287	2	3.8648e+02
2021	287	2	3.9088e+02
2021	287	2	3.9261e+02
2021	287	2	3.9240e+02
2021	287	3	3.8401e+02
2021	287	3	3.8559e+02
2021	287	3	3.8826e+02
2021	287	3	3.8378e+02
2021	287	3	3.8704e+02
2021	287	4	3.8722e+02
2021	287	4	3.9112e+02
2021	287	4	3.8728e+02
2021	287	4	3.8620e+02
2021	287	4	3.8768e+02
2021	287	5	3.9210e+02
2021	287	5	3.9194e+02
2021	287	5	3.9174e+02
2021	287	5	3.9121e+02
2021	287	5	3.9233e+02
2021	287	6	3.8468e+02
2021	287	6	3.8349e+02
2021	287	6	3.9045e+02
2021	287	6	3.8868e+02
2021	287	6	3.8566e+02
2021	287	7	3.8614e+02
2021	287	7	3.8511e+02
2021	287	7	3.8351e+02
2021	287	7	3.8201e+02
2021	287	7	3.8824e+02
2021	287	8	3.8484e+02
2021	287	8	3.8193e+02
2021	287	8	3.8419e+02
2021	287	8	3.8454e+02
2021	287	8	3.8082e+02
2021	287	9	3.7402e+02
2021	287	9	3.7566e+02
2021	287	9	3.7468e+02
2021	287	9	3.7061e+02
2021	287	9	3.6584e+02
2021	287	10	3.6605e+02
2021	287	10	3.6811e+02
2021	287	10	3.7211e+02
2021	287	10	3.7298e+02
2021	287	10	3.7338e+02
2021	287	11	3.7141e+02
2021	287	11	3.7627e+02
2021	287	11	3.7160e+02
2021	287	11	3.7477e+02
2021	287	11	3.6844e+02
2021	287	12	3.6371e+02
2021	287	12	3.5416e+02
2021	287	12	3.6435e+02
2021	287	12	3.6612e+02
2021	287	12	3.6868e+02
2021	287	13	3.6762e+02
2021	287	13	3.7189e+02
2021	287	13	3.6455e+02
2021	287	13	3.6706e+02
2021	287	13	3.6513e+02
2021	287	14	3.6666e+02
2021	287	14	3.6349e+02
2021	287	14	3.6726e+02
2021	287	14	3.6816e+02
2021	287	14	3.6466e+02
2021	287	15	3.6906e+02
2021	287	15	3.6973e+02
2021	287	15	3.7386e+02
2021	287	15	3.6917e+02
2021	287	15	3.7077e+02
2021	287	16	3.6541e+02
2021	287	16	3.6538e+02
2021	287	16	3.6421e+02
2021	287	16	3.6664e+02
2021	287	16	3.6755e+02
2021	287	17	3.6725e+02
2021	287	17	3.7198e+02
2021	287	17	3.6418e+02
2021	287	17	3.6742e+02
2021	287	18	3.7389e+02
2021	287	18	3.7094e+02
2021	287	18	3.7297e+02
2021	287	18	3.7112e+02
2021	287	18	3.7119e+02
2021	287	19	3.6975e+02
2021	287	19	3.7318e+02
2021	287	19	3.7277e+02
2021	287	19	3.7228e+02
2021	287	19	3.7300e+02
2021	287	20	3.7349e+02
2021	287	20	3.7249e+02
2021	287	20	3.7254e+02
2021	287	20	3.7218e+02
2021	287	20	3.7577e+02
2021	287	21	3.7515e+02
2021	287	21	3.7638e+02
2021	287	21	3.7729e+02
2021	287	21	3.7880e+02
2021	287	21	3.7818e+02
2021	287	22	3.7693e+02
2021	287	22	3.7604e+02
2021	287	22	3.7462e+02
2021	287	22	3.7236e+02
2021	287	22	3.7160e+02
2021	287	23	3.6224e+02
2021	287	23	3.5999e+02
2021	287	23	3.6618e+02
2021	287	23	3.6455e+02
2021	287	23	3.5803e+02
2021	288	0	3.6795e+02
2021	288	0	3.7411e+02
2021	288	0	3.7029e+02
2021	288	0	3.6618e+02
2021	288	0	3.6533e+02
2021	288	1	3.7049e+02
2021	288	1	3.7294e+02
2021	288	1	3.7194e+02
2021	288	1	3.7361e+02
2021	288	1	3.7210e+02
2021	288	2	3.7350e+02
2021	288	2	3.7491e+02
2021	288	2	3.7172e+02
2021	288	2	3.7668e+02
2021	288	2	3.7763e+02
2021	288	3	3.7140e+02
2021	288	3	3.8095e+02
2021	288	3	3.7477e+02
2021	288	3	3.7858e+02
2021	288	3	3.7887e+02
2021	288	4	3.7656e+02
2021	288	4	3.7534e+02
2021	288	4	3.7621e+02
2021	288	4	3.7578e+02
2021	288	4	3.7481e+02
2021	288	5	3.7257e+02
2021	288	5	3.7211e+02
2021	288	5	3.6923e+02
2021	288	5	3.6650e+02
2021	288	5	3.7909e+02
2021	288	6	3.8183e+02
2021	288	6	3.7945e+02
2021	288	6	3.7572e+02
2021	288	6	3.7918e+02
2021	288	6	3.8119e+02
2021	288	7	3.7788e+02
2021	288	7	3.7515e+02
2021	288	7	3.7787e+02
2021	288	7	3.7607e+02
2021	288	7	3.7622e+02
2021	288	8	3.6500e+02
2021	288	8	3.6748e+02
2021	288	8	3.7476e+02
2021	288	8	3.7885e+02
2021	288	8	3.7494e+02
2021	288	9	3.6928e+02
2021	288	9	3.6191e+02
2021	288	9	3.6323e+02
2021	288	9	3.5812e+02
2021	288	10	3.5607e+02
2021	288	10	3.5722e+02
2021	288	10	3.5079e+02
2021	288	10	3.4804e+02
2021	288	10	3.5001e+02
2021	288	11	3.4689e+02
2021	288	11	3.4654e+02
2021	288	11	3.4645e+02
2021	288	11	3.4447e+02
2021	288	11	3.4461e+02
2021	288	12	3.4438e+02
2021	288	12	3.4175e+02
2021	288	12	3.4091e+02
2021	288	12	3.3813e+02
2021	288	12	3.3750e+02
2021	288	13	3.3845e+02
2021	288	13	3.3796e+02
2021	288	13	3.3843e+02
2021	288	13	3.3996e+02
2021	288	13	3.4001e+02
2021	288	14	3.3917e+02
2021	288	14	3.3985e+02
2021	288	14	3.3949e+02
2021	288	14	3.4065e+02
2021	288	14	3.4120e+02
2021	288	15	3.3884e+02
2021	288	15	3.3927e+02
2021	288	15	3.3823e+02
2021	288	15	3.3901e+02
2021	288	15	3.4124e+02
2021	288	16	3.3837e+02
2021	288	16	3.4390e+02
2021	288	16	3.4016e+02
2021	288	16	3.3951e+02
2021	288	16	3.3926e+02
2021	288	17	3.4120e+02
2021	288	17	3.4491e+02
2021	288	17	3.4383e+02
2021	288	17	3.4790e+02
2021	288	17	3.5330e+02
2021	288	18	3.4759e+02
2021	288	18	3.4125e+02
2021	288	18	3.4253e+02
2021	288	18	3.3955e+02
2021	288	18	3.3771e+02
2021	288	19	3.3539e+02
2021	288	19	3.4303e+02
2021	288	19	3.4308e+02
2021	288	19	3.4504e+02
2021	288	19	3.4597e+02
2021	288	20	3.5587e+02
2021	288	20	3.5674e+02
2021	288	20	3.5259e+02
2021	288	20	3.3470e+02
2021	288	20	3.3505e+02
2021	288	21	3.4059e+02
2021	288	21	3.3128e+02
2021	288	21	3.3251e+02
2021	288	21	3.3425e+02
2021	288	21	3.2703e+02
2021	288	22	3.3219e+02
2021	288	22	3.2767e+02
2021	288	22	3.6514e+02
2021	288	22	3.2833e+02
2021	288	22	3.2413e+02
2021	288	23	3.2220e+02
2021	288	23	3.1436e+02
2021	288	23	3.1077e+02
2021	288	23	3.0951e+02
2021	288	23	3.1246e+02
2021	289	0	3.1207e+02
2021	289	0	3.2939e+02
2021	289	0	3.4253e+02
2021	289	0	3.6255e+02
2021	289	0	3.7495e+02
2021	289	1	3.7090e+02
2021	289	1	3.7308e+02
2021	289	1	3.6833e+02
2021	289	1	3.5965e+02
2021	289	1	3.9259e+02
2021	289	2	3.7414e+02
2021	289	2	3.5433e+02
2021	289	2	3.7445e+02
2021	289	2	3.4957e+02
2021	289	3	3.5133e+02
2021	289	3	3.5140e+02
2021	289	3	3.5155e+02
2021	289	3	3.6564e+02
2021	289	3	3.6023e+02
2021	289	4	3.5766e+02
2021	289	4	3.6125e+02
2021	289	4	3.5692e+02
2021	289	4	3.5754e+02
2021	289	4	3.5634e+02
2021	289	5	3.5756e+02
2021	289	5	3.8139e+02
2021	289	5	3.7907e+02
2021	289	5	3.8143e+02
2021	289	5	3.8261e+02
2021	289	6	3.8389e+02
2021	289	6	3.8418e+02
2021	289	6	3.8588e+02
2021	289	6	3.9131e+02
2021	289	6	3.9110e+02
2021	289	7	3.8699e+02
2021	289	7	3.9120e+02
2021	289	7	3.8672e+02
2021	289	7	3.8179e+02
2021	289	7	3.7919e+02
2021	289	8	3.7918e+02
2021	289	8	3.8820e+02
2021	289	8	3.9967e+02
2021	289	8	4.0096e+02
2021	289	8	4.0408e+02
2021	289	9	4.0727e+02
2021	289	9	4.0581e+02
2021	289	9	4.0104e+02
2021	289	9	3.9971e+02
2021	289	9	3.9604e+02
2021	289	10	3.8620e+02
2021	289	10	3.8538e+02
2021	289	10	3.8995e+02
2021	289	10	3.9150e+02
2021	289	10	3.8266e+02
2021	289	11	3.9697e+02
2021	289	11	3.9012e+02
2021	289	11	3.8771e+02
2021	289	11	3.8908e+02
2021	289	11	3.9195e+02
2021	289	12	3.8841e+02
2021	289	12	3.9140e+02
2021	289	12	3.9143e+02
2021	289	12	3.9190e+02
2021	289	12	3.9041e+02
2021	289	13	3.9136e+02
2021	289	13	3.8307e+02
2021	289	13	3.7390e+02
2021	289	13	3.8046e+02
2021	289	13	3.7921e+02
2021	289	14	3.9018e+02
2021	289	14	3.8746e+02
2021	289	14	3.8263e+02
2021	289	14	3.8249e+02
2021	289	14	3.8440e+02
2021	289	15	3.8472e+02
2021	289	15	3.8775e+02
2021	289	15	3.8576e+02
2021	289	15	3.8369e+02
2021	289	15	3.8053e+02
2021	289	16	3.8149e+02
2021	289	16	3.7699e+02
2021	289	16	3.7872e+02
2021	289	16	3.7947e+02
2021	289	16	3.7711e+02
2021	289	17	3.7779e+02
2021	289	17	3.7871e+02
2021	289	17	3.7967e+02
2021	289	17	3.8100e+02
2021	289	17	3.7198e+02
2021	289	18	3.7044e+02
2021	289	18	3.7708e+02
2021	289	18	3.7905e+02
2021	289	18	3.7757e+02
2021	289	19	3.7335e+02
2021	289	19	3.7635e+02
2021	289	19	3.8056e+02
2021	289	19	3.7698e+02
2021	289	19	3.7442e+02
2021	289	20	3.7722e+02
2021	289	20	0
2021	289	20	3.7258e+02
2021	289	20	3.8148e+02
2021	289	20	0
2021	289	21	3.8021e+02
2021	289	21	3.7918e+02
2021	289	21	3.7716e+02
2021	289	21	3.7980e+02
2021	289	21	3.8157e+02
2021	289	22	3.7089e+02
2021	289	22	3.7346e+02
2021	289	22	3.7006e+02
2021	289	22	3.6377e+02
2021	289	22	3.6682e+02
2021	289	23	3.6555e+02
2021	289	23	3.7061e+02
2021	289	23	3.7493e+02
2021	289	23	3.7490e+02
2021	289	23	3.7226e+02
2021	290	0	3.7663e+02
2021	290	0	3.6602e+02
2021	290	0	3.7522e+02
2021	290	0	3.8588e+02
2021	290	0	3.7840e+02
2021	290	1	3.7782e+02
2021	290	1	3.7780e+02
2021	290	1	3.7796e+02
2021	290	1	3.7115e+02
2021	290	1	3.7267e+02
2021	290	2	3.6925e+02
2021	290	2	3.6860e+02
2021	290	2	3.7117e+02
2021	290	2	3.7238e+02
2021	290	2	3.7427e+02
2021	290	3	3.7104e+02
2021	290	3	3.8612e+02
2021	290	3	3.6985e+02
2021	290	3	3.7496e+02
2021	290	3	3.7942e+02
2021	290	4	3.6557e+02
2021	290	4	3.6553e+02
2021	290	4	3.7297e+02
2021	290	4	3.7083e+02
2021	290	4	3.6411e+02
2021	290	5	3.6493e+02
2021	290	5	3.6696e+02
2021	290	5	3.6557e+02
2021	290	5	3.7264e+02
2021	290	5	3.6764e+02
2021	290	6	3.7035e+02
2021	290	6	3.7203e+02
2021	290	6	3.6848e+02
2021	290	6	3.6971e+02
2021	290	6	3.6780e+02
2021	290	7	3.7449e+02
2021	290	7	3.6988e+02
2021	290	7	3.7329e+02
2021	290	7	3.6756e+02
2021	290	7	3.7035e+02
2021	290	8	3.7124e+02
2021	290	8	3.6430e+02
2021	290	8	3.6559e+02
2021	290	8	3.5915e+02
2021	290	8	3.5366e+02
2021	290	9	3.5432e+02
2021	290	9	3.6267e+02
2021	290	9	3.5713e+02
2021	290	9	3.5688e+02
2021	290	9	3.5618e+02
2021	290	10	3.5266e+02
2021	290	10	3.5535e+02
2021	290	10	3.5107e+02
2021	290	10	3.4996e+02
2021	290	10	3.5238e+02
2021	290	11	3.5059e+02
2021	290	11	3.5001e+02
2021	290	11	3.4730e+02
2021	290	11	3.4728e+02
2021	290	12	3.4467e+02
2021	290	12	3.4364e+02
2021	290	12	3.4608e+02
2021	290	12	3.4692e+02
2021	290	12	3.4366e+02
2021	290	13	3.3772e+02
2021	290	13	3.4758e+02
2021	290	13	3.4670e+02
2021	290	13	3.4673e+02
2021	290	13	3.4605e+02
2021	290	14	3.4401e+02
2021	290	14	3.4756e+02
2021	290	14	3.4324e+02
2021	290	14	3.4485e+02
2021	290	14	3.4651e+02
2021	290	15	3.5003e+02
2021	290	15	3.4560e+02
2021	290	15	3.4334e+02
2021	290	15	3.4075e+02
2021	290	15	3.4070e+02
2021	290	16	3.4654e+02
2021	290	16	3.4683e+02
2021	290	16	3.4612e+02
2021	290	16	3.4539e+02
2021	290	16	3.4699e+02
2021	290	17	3.4567e+02
2021	290	17	3.4630e+02
2021	290	17	3.4524e+02
2021	290	17	3.4331e+02
2021	290	17	3.4370e+02
2021	290	18	3.3811e+02
2021	290	18	3.4015e+02
2021	290	18	3.4728e+02
2021	290	18	3.4469e+02
2021	290	18	3.4338e+02
2021	290	19	3.4472e+02
2021	290	19	3.6106e+02
2021	290	19	3.5531e+02
2021	290	19	3.5589e+02
2021	290	19	3.3881e+02
2021	290	20	3.4196e+02
2021	290	20	3.4570e+02
2021	290	20	3.3608e+02
2021	290	20	3.4197e+02
2021	290	20	3.3927e+02
2021	290	21	3.3734e+02
2021	290	21	3.4014e+02
2021	290	21	3.3809e+02
2021	290	21	3.4148e+02
2021	290	21	3.4447e+02
2021	290	22	3.4377e+02
2021	290	22	3.4066e+02
2021	290	22	3.3869e+02
2021	290	22	3.3982e+02
2021	290	22	3.3266e+02
2021	290	23	3.3159e+02
2021	290	23	3.2926e+02
2021	290	23	3.2920e+02
2021	290	23	3.2999e+02
2021	290	23	3.2872e+02
2021	291	0	3.2680e+02
2021	291	0	3.3170e+02
2021	291	0	3.3107e+02
2021	291	0	3.3152e+02
2021	291	0	3.3367e+02
2021	291	1	3.3240e+02
2021	291	1	3.3299e+02
2021	291	1	3.3332e+02
2021	291	1	3.3570e+02
2021	291	1	3.2990e+02
2021	291	2	3.3100e+02
2021	291	2	3.3382e+02
2021	291	2	3.3964e+02
2021	291	2	3.3649e+02
2021	291	2	3.3132e+02
2021	291	3	3.2963e+02
2021	291	3	3.2415e+02
2021	291	3	3.2671e+02
2021	291	3	3.2537e+02
2021	291	4	3.2799e+02
2021	291	4	3.3006e+02
2021	291	4	3.3287e+02
2021	291	4	3.2719e+02
2021	291	4	3.2950e+02
2021	291	5	3.2748e+02
2021	291	5	3.2998e+02
2021	291	5	3.3531e+02
2021	291	5	3.3599e+02
2021	291	5	3.4105e+02
2021	291	6	3.3729e+02
2021	291	6	3.3788e+02
2021	291	6	3.3971e+02
2021	291	6	3.4940e+02
2021	291	6	3.4416e+02
2021	291	7	3.4546e+02
2021	291	7	3.4724e+02
2021	291	7	3.4408e+02
2021	291	7	3.4946e+02
2021	291	7	3.4886e+02
2021	291	8	3.5332e+02
2021	291	8	3.5463e+02
2021	291	8	3.4991e+02
2021	291	8	3.5482e+02
2021	291	8	3.5424e+02
2021	291	9	3.5858e+02
2021	291	9	3.5694e+02
2021	291	9	3.5685e+02
2021	291	9	3.6077e+02
2021	291	9	3.6390e+02
2021	291	10	3.6224e+02
2021	291	10	3.6287e+02
2021	291	10	3.6031e+02
2021	291	10	3.6153e+02
2021	291	10	3.6274e+02
2021	291	11	3.6055e+02
2021	291	11	3.6423e+02
2021	291	11	3.6081e+02
2021	291	11	3.6510e+02
2021	291	11	3.6489e+02
2021	291	12	3.6662e+02
2021	291	12	3.6929e+02
2021	291	12	3.6208e+02
2021	291	12	3.7219e+02
2021	291	12	3.7712e+02
2021	291	13	3.7300e+02
2021	291	13	3.7244e+02
2021	291	13	3.7075e+02
2021	291	13	3.7200e+02
2021	291	13	3.7202e+02
2021	291	14	3.7325e+02
2021	291	14	3.7505e+02
2021	291	14	3.7208e+02
2021	291	14	3.7104e+02
2021	291	14	3.6374e+02
2021	291	15	3.6172e+02
2021	291	15	3.6822e+02
2021	291	15	3.6953e+02
2021	291	15	3.7640e+02
2021	291	15	3.6311e+02
2021	291	16	3.5844e+02
2021	291	16	3.5909e+02
2021	291	16	3.5522e+02
2021	291	16	3.5366e+02
2021	291	16	3.5573e+02
2021	291	17	3.4928e+02
2021	291	17	3.5149e+02
2021	291	17	3.5453e+02
2021	291	17	3.5521e+02
2021	291	17	3.6347e+02
2021	291	18	3.6478e+02
2021	291	18	3.6293e+02
2021	291	18	3.6684e+02
2021	291	18	3.6160e+02
2021	291	18	3.6821e+02
2021	291	19	3.6937e+02
2021	291	19	3.6730e+02
2021	291	19	3.6767e+02
2021	291	19	3.6655e+02
2021	291	19	3.6920e+02
2021	291	20	3.7180e+02
2021	291	20	3.6870e+02
2021	291	20	3.6756e+02
2021	291	20	3.6708e+02
2021	291	21	3.6915e+02
2021	291	21	3.6779e+02
2021	291	21	3.7120e+02
2021	291	21	3.6286e+02
2021	291	21	3.6437e+02
2021	291	22	3.6130e+02
2021	291	22	3.6810e+02
2021	291	22	3.6525e+02
2021	291	22	3.6635e+02
2021	291	22	3.7113e+02
2021	291	23	3.7162e+02
2021	291	23	3.7162e+02
2021	291	23	3.6939e+02
2021	291	23	3.7548e+02
2021	291	23	3.7567e+02
2021	292	0	3.8417e+02
2021	292	0	3.7964e+02
2021	292	0	3.7686e+02
2021	292	0	3.7635e+02
2021	292	0	3.7341e+02
2021	292	1	3.7277e+02
2021	292	1	3.7294e+02
2021	292	1	3.7992e+02
2021	292	1	3.7187e+02
2021	292	1	3.7342e+02
2021	292	2	3.7190e+02
2021	292	2	3.7450e+02
2021	292	2	3.7327e+02
2021	292	2	3.7195e+02
2021	292	2	3.7145e+02
2021	292	3	3.6042e+02
2021	292	3	3.5430e+02
2021	292	3	3.5516e+02
2021	292	3	3.5308e+02
2021	292	3	3.6388e+02
2021	292	4	3.5769e+02
2021	292	4	3.6038e+02
2021	292	4	3.6252e+02
2021	292	4	3.6911e+02
2021	292	4	3.6322e+02
2021	292	5	3.6219e+02
2021	292	5	3.5829e+02
2021	292	5	3.5253e+02
2021	292	5	3.5237e+02
2021	292	5	3.4788e+02
2021	292	6	3.5278e+02
2021	292	6	3.5280e+02
2021	292	6	3.4825e+02
2021	292	6	3.5535e+02
2021	292	6	3.5013e+02
2021	292	7	3.5202e+02
2021	292	7	3.5215e+02
2021	292	7	3.5521e+02
2021	292	7	3.5329e+02
2021	292	7	3.5514e+02
2021	292	8	3.5346e+02
2021	292	8	3.6083e+02
2021	292	8	3.6755e+02
2021	292	8	3.7000e+02
2021	292	8	3.6226e+02
2021	292	9	3.6311e+02
2021	292	9	3.5877e+02
2021	292	9	3.5139e+02
2021	292	9	3.5156e+02
2021	292	9	3.5447e+02
2021	292	10	3.5386e+02
2021	292	10	3.5398e+02
2021	292	10	3.5466e+02
2021	292	10	3.5864e+02
2021	292	10	3.6836e+02
2021	292	11	3.6831e+02
2021	292	11	3.6919e+02
2021	292	11	3.6494e+02
2021	292	11	3.6972e+02
2021	292	11	3.8724e+02
2021	292	12	3.9118e+02
2021	292	12	3.7909e+02
2021	292	12	3.8160e+02
2021	292	12	3.9272e+02
2021	292	12	3.9814e+02
2021	292	13	4.0922e+02
2021	292	13	3.8451e+02
2021	292	13	3.8987e+02
2021	292	13	3.9794e+02
2021	292	13	3.9867e+02
2021	292	14	3.9859e+02
2021	292	14	3.9645e+02
2021	292	14	3.9632e+02
2021	292	14	3.9909e+02
2021	292	15	3.9707e+02
2021	292	15	3.9597e+02
2021	292	15	3.9169e+02
2021	292	15	3.9425e+02
2021	292	15	3.9362e+02
2021	292	16	3.9481e+02
2021	292	16	3.9199e+02
2021	292	16	3.9391e+02
2021	292	16	3.9469e+02
2021	292	16	3.9466e+02
2021	292	17	3.9592e+02
2021	292	17	3.9609e+02
2021	292	17	3.9447e+02
2021	292	17	3.9531e+02
2021	292	17	3.9589e+02
2021	292	18	3.9534e+02
2021	292	18	3.9536e+02
2021	292	18	3.9484e+02
2021	292	18	3.9137e+02
2021	292	18	3.8840e+02
2021	292	19	3.8634e+02
2021	292	19	3.8762e+02
2021	292	19	3.8733e+02
2021	292	19	3.8453e+02
2021	292	19	3.7733e+02
2021	292	20	3.7235e+02
2021	292	20	3.5854e+02
2021	292	20	3.6869e+02
2021	292	20	3.6972e+02
2021	292	20	3.5621e+02
2021	292	21	3.5521e+02
2021	292	21	3.7036e+02
2021	292	21	3.9360e+02
2021	292	21	3.9682e+02
2021	292	21	3.8753e+02
2021	292	22	3.8504e+02
2021	292	22	3.9004e+02
2021	292	22	3.8578e+02
2021	292	22	3.9777e+02
2021	292	22	3.8680e+02
2021	292	23	3.8861e+02
2021	292	23	3.8562e+02
2021	292	23	3.8921e+02
2021	292	23	3.9149e+02
2021	292	23	3.9364e+02
2021	293	0	3.9266e+02
2021	293	0	3.9571e+02
2021	293	0	3.9578e+02
2021	293	0	3.9567e+02
2021	293	0	4.0070e+02
2021	293	1	4.0437e+02
2021	293	1	4.0220e+02
2021	293	1	3.9888e+02
2021	293	1	3.9865e+02
2021	293	1	4.0628e+02
2021	293	2	4.1013e+02
2021	293	2	4.1081e+02
2021	293	2	4.0459e+02
2021	293	2	4.0602e+02
2021	293	2	4.0533e+02
2021	293	3	4.0242e+02
2021	293	3	4.0105e+02
2021	293	3	3.9513e+02
2021	293	3	3.9779e+02
2021	293	3	3.9674e+02
2021	293	4	4.0028e+02
2021	293	4	4.0296e+02
2021	293	4	4.0064e+02
2021	293	4	3.8533e+02
2021	293	4	4.0980e+02
2021	293	5	4.0422e+02
2021	293	5	3.8117e+02
2021	293	5	3.8083e+02
2021	293	5	3.8666e+02
2021	293	5	3.9395e+02
2021	293	6	3.9634e+02
2021	293	6	3.9260e+02
2021	293	6	3.9376e+02
2021	293	6	3.9741e+02
2021	293	6	3.9816e+02
2021	293	7	3.9403e+02
2021	293	7	3.9209e+02
2021	293	7	3.9268e+02
2021	293	7	3.9533e+02
2021	293	7	3.8532e+02
2021	293	8	3.9249e+02
2021	293	8	3.9175e+02
2021	293	8	4.0070e+02
2021	293	8	3.9970e+02
2021	293	9	3.9914e+02
2021	293	9	4.0044e+02
2021	293	9	4.0017e+02
2021	293	9	3.8906e+02
2021	293	9	3.8299e+02
2021	293	10	3.8413e+02
2021	293	10	3.7792e+02
2021	293	10	3.7491e+02
2021	293	10	3.7518e+02
2021	293	10	3.7415e+02
2021	293	11	3.7627e+02
2021	293	11	3.7375e+02
2021	293	11	3.7469e+02
2021	293	11	3.7356e+02
2021	293	11	3.7326e+02
2021	293	12	3.7150e+02
2021	293	12	3.7691e+02
2021	293	12	3.7668e+02
2021	293	12	3.7279e+02
2021	293	12	3.7113e+02
2021	293	13	3.7154e+02
2021	293	13	3.7098e+02
2021	293	13	3.7065e+02
2021	293	13	3.6962e+02
2021	293	13	3.7243e+02
2021	293	14	3.8624e+02
2021	293	14	3.8960e+02
2021	293	14	3.8727e+02
2021	293	14	3.8064e+02
2021	293	14	3.7528e+02
2021	293	15	3.7546e+02
2021	293	15	3.7633e+02
2021	293	15	3.7680e+02
2021	293	15	3.7472e+02
2021	293	15	3.7655e+02
2021	293	16	3.7568e+02
2021	293	16	3.8213e+02
2021	293	16	3.8337e+02
2021	293	16	3.7923e+02
2021	293	16	3.8336e+02
2021	293	17	3.7904e+02
2021	293	17	3.7419e+02
2021	293	17	3.7391e+02
2021	293	17	3.6982e+02
2021	293	17	3.8073e+02
2021	293	18	3.8082e+02
2021	293	18	3.7584e+02
2021	293	18	3.7523e+02
2021	293	18	3.8599e+02
2021	293	18	3.9868e+02
2021	293	19	3.9176e+02
2021	293	19	3.9516e+02
2021	293	19	3.9632e+02
2021	293	19	4.0593e+02
2021	293	19	4.0952e+02
2021	293	20	4.1114e+02
2021	293	20	4.0597e+02
2021	293	20	4.2840e+02
2021	293	20	4.3369e+02
2021	293	20	4.2943e+02
2021	293	21	4.3668e+02
2021	293	21	4.2943e+02
2021	293	21	4.2590e+02
2021	293	21	4.3849e+02
2021	293	21	4.4452e+02
2021	293	22	4.3836e+02
2021	293	22	4.6195e+02
2021	293	22	4.4014e+02
2021	293	22	4.6138e+02
2021	293	22	4.4192e+02
2021	293	23	4.5971e+02
2021	293	23	4.7576e+02
2021	293	23	4.7010e+02
2021	293	23	4.9231e+02
2021	293	23	5.1589e+02
2021	294	0	4.9731e+02
2021	294	0	5.1675e+02
2021	294	0	5.2463e+02
2021	294	0	5.4894e+02
2021	294	0	5.4771e+02
2021	294	1	5.4624e+02
2021	294	1	5.4684e+02
2021	294	1	5.4713e+02
2021	294	1	5.4088e+02
2021	294	1	5.3804e+02
2021	294	2	5.3457e+02
2021	294	2	5.3103e+02
2021	294	2	5.3157e+02
2021	294	2	5.3481e+02
2021	294	3	5.2635e+02
2021	294	3	5.2958e+02
2021	294	3	5.2575e+02
2021	294	3	5.2460e+02
2021	294	3	5.2698e+02
2021	294	4	5.2157e+02
2021	294	4	5.2113e+02
2021	294	4	5.2659e+02
2021	294	4	5.3209e+02
2021	294	4	5.2541e+02
2021	294	5	5.2110e+02
2021	294	5	5.2499e+02
2021	294	5	5.1466e+02
2021	294	5	5.2409e+02
2021	294	5	5.3075e+02
2021	294	6	5.2165e+02
2021	294	6	5.1937e+02
2021	294	6	5.2544e+02
2021	294	6	5.2043e+02
2021	294	6	5.2078e+02
2021	294	7	5.3146e+02
2021	294	7	5.2750e+02
2021	294	7	5.2788e+02
2021	294	7	5.2228e+02
2021	294	7	5.2211e+02
2021	294	8	5.1692e+02
2021	294	8	5.1564e+02
2021	294	8	5.1605e+02
2021	294	8	5.1225e+02
2021	294	8	5.1101e+02
2021	294	9	5.0776e+02
2021	294	9	5.0652e+02
2021	294	9	5.0323e+02
2021	294	9	5.0348e+02
2021	294	9	5.0233e+02
2021	294	10	5.0238e+02
2021	294	10	5.0402e+02
2021	294	10	4.9956e+02
2021	294	10	4.9686e+02
2021	294	10	5.0183e+02
2021	294	11	5.0064e+02
2021	294	11	5.0436e+02
2021	294	11	4.9764e+02
2021	294	11	5.0562e+02
2021	294	11	5.0161e+02
2021	294	12	4.8848e+02
2021	294	12	4.9680e+02
2021	294	12	5.0921e+02
2021	294	12	4.7288e+02
2021	294	12	4.7949e+02
2021	294	13	4.7924e+02
2021	294	13	4.7445e+02
2021	294	13	4.7357e+02
2021	294	13	4.6416e+02
2021	294	13	4.6432e+02
2021	294	14	4.7142e+02
2021	294	14	4.6913e+02
2021	294	14	4.6820e+02
2021	294	14	4.6891e+02
2021	294	14	4.6975e+02
2021	294	15	4.7715e+02
2021	294	15	5.0013e+02
2021	294	15	5.0128e+02
2021	294	15	5.0592e+02
2021	294	15	5.0864e+02
2021	294	16	5.0957e+02
2021	294	16	5.0634e+02
2021	294	16	5.0569e+02
2021	294	16	5.0492e+02
2021	294	16	5.1364e+02
2021	294	17	4.9615e+02
2021	294	17	5.0065e+02
2021	294	17	5.0653e+02
2021	294	17	5.0837e+02
2021	294	17	5.0639e+02
2021	294	18	5.1024e+02
2021	294	18	4.9790e+02
2021	294	18	4.9684e+02
2021	294	18	5.0513e+02
2021	294	18	4.8858e+02
2021	294	19	4.9729e+02
2021	294	19	4.9113e+02
2021	294	19	4.9576e+02
2021	294	19	4.8423e+02
2021	294	20	4.8380e+02
2021	294	20	4.7940e+02
2021	294	20	4.7765e+02
2021	294	20	4.8023e+02
2021	294	20	4.7232e+02
2021	294	21	4.7772e+02
2021	294	21	4.7728e+02
2021	294	21	4.8064e+02
2021	294	21	4.8170e+02
2021	294	21	4.7953e+02
2021	294	22	4.7534e+02
2021	294	22	4.7409e+02
2021	294	22	4.7460e+02
2021	294	22	4.7410e+02
2021	294	22	4.7479e+02
2021	294	23	4.7459e+02
2021	294	23	4.7769e+02
2021	294	23	4.7394e+02
2021	294	23	4.8037e+02
2021	294	23	4.7579e+02
