#OMNIWeb Plus Browser Results.
#Listing for omni_5min data from 20211001 to 20211015
#Selected parameters:
# 1 Speed, km/s
YYYY DOY HR MN      1 
2021 274  0  0   540.7
2021 274  0  5   544.7
2021 274  0 10   537.5
2021 274  0 15   534.0
2021 274  0 20 99999.9
2021 274  0 25   535.5
2021 274  0 30   539.0
2021 274  0 35   542.3
2021 274  0 40   548.6
2021 274  0 45 99999.9
2021 274  0 50   545.0
2021 274  0 55   546.0
2021 274  1  0   569.2
2021 274  1  5   577.5
2021 274  1 10   565.3
2021 274  1 15   557.0
2021 274  1 20   557.9
2021 274  1 25   562.6
2021 274  1 30   552.4
2021 274  1 35   560.6
2021 274  1 40   546.9
2021 274  1 45   550.8
2021 274  1 50 99999.9
2021 274  1 55   585.0
2021 274  2  0 99999.9
2021 274  2  5 99999.9
2021 274  2 10   529.1
2021 274  2 15   544.4
2021 274  2 20   524.8
2021 274  2 25   563.0
2021 274  2 30   546.1
2021 274  2 35   538.5
2021 274  2 40   543.8
2021 274  2 45   539.8
2021 274  2 50   525.5
2021 274  2 55   536.0
2021 274  3  0   522.4
2021 274  3  5   519.8
2021 274  3 10   503.9
2021 274  3 15   497.8
2021 274  3 20   504.5
2021 274  3 25   502.6
2021 274  3 30   500.1
2021 274  3 35   504.6
2021 274  3 40   498.3
2021 274  3 45   497.8
2021 274  3 50   493.8
2021 274  3 55   487.8
2021 274  4  0   486.1
2021 274  4  5   487.4
2021 274  4 10   486.0
2021 274  4 15   473.9
2021 274  4 20   476.7
2021 274  4 25   473.6
2021 274  4 30   469.4
2021 274  4 35   465.7
2021 274  4 40   467.4
2021 274  4 45   471.6
2021 274  4 50   475.2
2021 274  4 55   470.9
2021 274  5  0   491.3
2021 274  5  5   492.4
2021 274  5 10   490.7
2021 274  5 15   495.6
2021 274  5 20   488.6
2021 274  5 25   484.9
2021 274  5 30   504.8
2021 274  5 35   498.4
2021 274  5 40   485.6
2021 274  5 45   501.2
2021 274  5 50   489.8
2021 274  5 55   503.0
2021 274  6  0   484.7
2021 274  6  5   485.1
2021 274  6 10   489.9
2021 274  6 15   489.7
2021 274  6 20   476.0
2021 274  6 25   474.1
2021 274  6 30   495.1
2021 274  6 35   505.4
2021 274  6 40   499.8
2021 274  6 45   485.8
2021 274  6 50   485.2
2021 274  6 55   494.3
2021 274  7  0   498.1
2021 274  7  5   500.2
2021 274  7 10   492.8
2021 274  7 15   503.0
2021 274  7 20   502.3
2021 274  7 25   512.3
2021 274  7 30   499.0
2021 274  7 35   523.5
2021 274  7 40   516.5
2021 274  7 45   521.3
2021 274  7 50   513.1
2021 274  7 55   524.6
2021 274  8  0   527.9
2021 274  8  5   509.3
2021 274  8 10   500.8
2021 274  8 15   512.7
2021 274  8 20   538.8
2021 274  8 25   517.2
2021 274  8 30   519.9
2021 274  8 35   510.9
2021 274  8 40   504.1
2021 274  8 45   504.9
2021 274  8 50   502.3
2021 274  8 55   516.6
2021 274  9  0   512.9
2021 274  9  5   515.9
2021 274  9 10   531.6
2021 274  9 15   525.8
2021 274  9 20 99999.9
2021 274  9 25   567.7
2021 274  9 30   558.0
2021 274  9 35   559.5
2021 274  9 40   555.7
2021 274  9 45   560.6
2021 274  9 50   556.2
2021 274  9 55   558.9
2021 274 10  0   557.8
2021 274 10  5   564.5
2021 274 10 10   557.3
2021 274 10 15   554.6
2021 274 10 20   550.9
2021 274 10 25   554.6
2021 274 10 30   551.7
2021 274 10 35   543.6
2021 274 10 40   537.9
2021 274 10 45   543.1
2021 274 10 50   537.8
2021 274 10 55   542.8
2021 274 11  0   532.0
2021 274 11  5   525.6
2021 274 11 10   532.3
2021 274 11 15   533.7
2021 274 11 20   535.1
2021 274 11 25   534.0
2021 274 11 30   517.9
2021 274 11 35   516.8
2021 274 11 40 99999.9
2021 274 11 45   514.0
2021 274 11 50   516.3
2021 274 11 55   520.8
2021 274 12  0   522.3
2021 274 12  5   525.8
2021 274 12 10   525.3
2021 274 12 15   515.8
2021 274 12 20   514.1
2021 274 12 25   515.2
2021 274 12 30   512.5
2021 274 12 35   512.1
2021 274 12 40   517.5
2021 274 12 45   518.2
2021 274 12 50   523.4
2021 274 12 55   525.9
2021 274 13  0   522.8
2021 274 13  5   524.1
2021 274 13 10   515.2
2021 274 13 15   511.7
2021 274 13 20   509.6
2021 274 13 25   508.3
2021 274 13 30   508.3
2021 274 13 35   511.5
2021 274 13 40   513.3
2021 274 13 45   518.0
2021 274 13 50   511.7
2021 274 13 55   518.2
2021 274 14  0   529.5
2021 274 14  5   533.7
2021 274 14 10   537.4
2021 274 14 15   541.2
2021 274 14 20   542.1
2021 274 14 25   532.4
2021 274 14 30   529.0
2021 274 14 35   527.6
2021 274 14 40   521.4
2021 274 14 45   522.5
2021 274 14 50   520.6
2021 274 14 55   520.0
2021 274 15  0   524.6
2021 274 15  5   524.8
2021 274 15 10   524.0
2021 274 15 15   520.2
2021 274 15 20   521.1
2021 274 15 25   523.5
2021 274 15 30   521.5
2021 274 15 35 99999.9
2021 274 15 40   521.9
2021 274 15 45   520.8
2021 274 15 50   564.4
2021 274 15 55   565.1
2021 274 16  0   580.2
2021 274 16  5   589.0
2021 274 16 10   566.3
2021 274 16 15   557.8
2021 274 16 20   553.4
2021 274 16 25   537.7
2021 274 16 30   535.9
2021 274 16 35   528.9
2021 274 16 40   510.6
2021 274 16 45   500.1
2021 274 16 50   508.1
2021 274 16 55   499.7
2021 274 17  0   508.5
2021 274 17  5   501.6
2021 274 17 10   505.2
2021 274 17 15   513.5
2021 274 17 20   503.6
2021 274 17 25   504.7
2021 274 17 30   512.8
2021 274 17 35   520.7
2021 274 17 40   516.2
2021 274 17 45   522.3
2021 274 17 50   527.2
2021 274 17 55   521.2
2021 274 18  0   514.6
2021 274 18  5   527.5
2021 274 18 10   519.5
2021 274 18 15   516.7
2021 274 18 20   520.3
2021 274 18 25   526.8
2021 274 18 30   528.6
2021 274 18 35   527.4
2021 274 18 40   522.8
2021 274 18 45   528.5
2021 274 18 50   521.1
2021 274 18 55   519.5
2021 274 19  0   529.2
2021 274 19  5   540.5
2021 274 19 10   534.3
2021 274 19 15   535.1
2021 274 19 20   523.5
2021 274 19 25   514.2
2021 274 19 30   497.3
2021 274 19 35   494.3
2021 274 19 40   496.1
2021 274 19 45   492.0
2021 274 19 50   497.6
2021 274 19 55   505.4
2021 274 20  0   507.6
2021 274 20  5   506.0
2021 274 20 10   505.4
2021 274 20 15 99999.9
2021 274 20 20   504.1
2021 274 20 25   504.1
2021 274 20 30   502.8
2021 274 20 35   499.1
2021 274 20 40   494.0
2021 274 20 45   495.5
2021 274 20 50   496.8
2021 274 20 55   493.1
2021 274 21  0   493.7
2021 274 21  5   492.5
2021 274 21 10   491.2
2021 274 21 15   489.8
2021 274 21 20   485.3
2021 274 21 25   495.8
2021 274 21 30   497.1
2021 274 21 35   506.5
2021 274 21 40   497.8
2021 274 21 45   498.2
2021 274 21 50   498.4
2021 274 21 55   498.4
2021 274 22  0   491.2
2021 274 22  5   487.1
2021 274 22 10   485.9
2021 274 22 15   478.3
2021 274 22 20   479.2
2021 274 22 25   479.1
2021 274 22 30   479.5
2021 274 22 35   479.1
2021 274 22 40   479.1
2021 274 22 45   478.4
2021 274 22 50   477.8
2021 274 22 55   478.9
2021 274 23  0   473.6
2021 274 23  5   473.5
2021 274 23 10   474.6
2021 274 23 15   475.8
2021 274 23 20   470.7
2021 274 23 25   468.5
2021 274 23 30   464.2
2021 274 23 35   463.2
2021 274 23 40   468.7
2021 274 23 45   469.2
2021 274 23 50 99999.9
2021 274 23 55   472.1
2021 275  0  0   469.5
2021 275  0  5   469.3
2021 275  0 10   470.7
2021 275  0 15   473.1
2021 275  0 20   475.4
2021 275  0 25   470.0
2021 275  0 30 99999.9
2021 275  0 35   466.1
2021 275  0 40   466.1
2021 275  0 45   465.4
2021 275  0 50   466.4
2021 275  0 55   461.8
2021 275  1  0   458.9
2021 275  1  5   461.5
2021 275  1 10   461.3
2021 275  1 15   461.1
2021 275  1 20   459.6
2021 275  1 25   457.2
2021 275  1 30   453.2
2021 275  1 35   454.7
2021 275  1 40   458.5
2021 275  1 45   456.9
2021 275  1 50   457.3
2021 275  1 55   457.1
2021 275  2  0   456.9
2021 275  2  5   453.8
2021 275  2 10   452.7
2021 275  2 15   453.8
2021 275  2 20   454.0
2021 275  2 25   453.5
2021 275  2 30   450.4
2021 275  2 35   450.5
2021 275  2 40   449.2
2021 275  2 45   449.3
2021 275  2 50   446.3
2021 275  2 55   446.6
2021 275  3  0   442.7
2021 275  3  5   443.0
2021 275  3 10   439.9
2021 275  3 15   436.2
2021 275  3 20   436.2
2021 275  3 25   438.1
2021 275  3 30   438.8
2021 275  3 35   438.5
2021 275  3 40   439.8
2021 275  3 45   437.5
2021 275  3 50 99999.9
2021 275  3 55 99999.9
2021 275  4  0   439.1
2021 275  4  5   437.3
2021 275  4 10   441.9
2021 275  4 15   439.9
2021 275  4 20   439.7
2021 275  4 25   439.1
2021 275  4 30   443.6
2021 275  4 35   446.9
2021 275  4 40   445.6
2021 275  4 45   443.5
2021 275  4 50   441.2
2021 275  4 55   439.3
2021 275  5  0   446.5
2021 275  5  5   451.2
2021 275  5 10   438.4
2021 275  5 15   436.3
2021 275  5 20   436.8
2021 275  5 25   436.5
2021 275  5 30   436.8
2021 275  5 35 99999.9
2021 275  5 40   435.9
2021 275  5 45   438.0
2021 275  5 50   436.2
2021 275  5 55   432.7
2021 275  6  0   432.1
2021 275  6  5   431.0
2021 275  6 10   430.9
2021 275  6 15   434.5
2021 275  6 20   439.0
2021 275  6 25   440.9
2021 275  6 30   433.7
2021 275  6 35   436.7
2021 275  6 40   433.6
2021 275  6 45   438.8
2021 275  6 50   434.8
2021 275  6 55   436.4
2021 275  7  0   434.7
2021 275  7  5   430.7
2021 275  7 10   430.0
2021 275  7 15   431.1
2021 275  7 20   415.9
2021 275  7 25   439.1
2021 275  7 30   442.1
2021 275  7 35   453.6
2021 275  7 40   451.5
2021 275  7 45   442.3
2021 275  7 50   438.7
2021 275  7 55   437.9
2021 275  8  0   439.0
2021 275  8  5   440.6
2021 275  8 10   440.8
2021 275  8 15   435.4
2021 275  8 20   435.0
2021 275  8 25   440.2
2021 275  8 30   440.4
2021 275  8 35   440.1
2021 275  8 40   440.0
2021 275  8 45   445.8
2021 275  8 50   442.7
2021 275  8 55   442.7
2021 275  9  0   448.6
2021 275  9  5   456.0
2021 275  9 10   459.1
2021 275  9 15   471.0
2021 275  9 20   466.7
2021 275  9 25   444.4
2021 275  9 30   458.0
2021 275  9 35   434.0
2021 275  9 40   426.4
2021 275  9 45   432.1
2021 275  9 50   433.5
2021 275  9 55   450.9
2021 275 10  0   459.1
2021 275 10  5   441.4
2021 275 10 10   441.8
2021 275 10 15   438.8
2021 275 10 20   423.0
2021 275 10 25   442.8
2021 275 10 30   443.9
2021 275 10 35   439.3
2021 275 10 40   446.4
2021 275 10 45   453.4
2021 275 10 50   449.2
2021 275 10 55   447.8
2021 275 11  0   448.1
2021 275 11  5   440.0
2021 275 11 10   435.5
2021 275 11 15   434.3
2021 275 11 20   436.8
2021 275 11 25   435.7
2021 275 11 30   439.8
2021 275 11 35   440.1
2021 275 11 40   441.1
2021 275 11 45   431.2
2021 275 11 50   423.3
2021 275 11 55   427.3
2021 275 12  0   427.5
2021 275 12  5   429.9
2021 275 12 10   431.8
2021 275 12 15   431.2
2021 275 12 20   430.0
2021 275 12 25   429.5
2021 275 12 30   431.4
2021 275 12 35   429.7
2021 275 12 40   428.7
2021 275 12 45   430.0
2021 275 12 50   428.0
2021 275 12 55   426.5
2021 275 13  0   425.2
2021 275 13  5   423.5
2021 275 13 10   422.6
2021 275 13 15   421.5
2021 275 13 20 99999.9
2021 275 13 25 99999.9
2021 275 13 30   416.5
2021 275 13 35   416.6
2021 275 13 40   416.9
2021 275 13 45   420.4
2021 275 13 50   431.8
2021 275 13 55   429.7
2021 275 14  0   429.8
2021 275 14  5   430.5
2021 275 14 10   430.8
2021 275 14 15   434.6
2021 275 14 20   433.1
2021 275 14 25   428.4
2021 275 14 30   407.4
2021 275 14 35   400.7
2021 275 14 40   402.5
2021 275 14 45   401.6
2021 275 14 50   403.9
2021 275 14 55   402.4
2021 275 15  0   402.9
2021 275 15  5   403.7
2021 275 15 10   404.4
2021 275 15 15 99999.9
2021 275 15 20   399.5
2021 275 15 25   400.1
2021 275 15 30   399.7
2021 275 15 35   398.5
2021 275 15 40   396.0
2021 275 15 45   395.8
2021 275 15 50   404.1
2021 275 15 55   410.3
2021 275 16  0   414.8
2021 275 16  5   413.7
2021 275 16 10   411.1
2021 275 16 15   417.7
2021 275 16 20   418.0
2021 275 16 25   414.0
2021 275 16 30   408.1
2021 275 16 35   439.3
2021 275 16 40   449.8
2021 275 16 45   442.6
2021 275 16 50 99999.9
2021 275 16 55   441.5
2021 275 17  0   437.1
2021 275 17  5   436.5
2021 275 17 10   437.8
2021 275 17 15   439.9
2021 275 17 20   425.1
2021 275 17 25   424.7
2021 275 17 30   423.0
2021 275 17 35   419.9
2021 275 17 40   419.2
2021 275 17 45   414.5
2021 275 17 50   411.8
2021 275 17 55   421.0
2021 275 18  0   414.2
2021 275 18  5   420.9
2021 275 18 10 99999.9
2021 275 18 15 99999.9
2021 275 18 20   422.2
2021 275 18 25   414.8
2021 275 18 30   409.3
2021 275 18 35   411.9
2021 275 18 40   411.2
2021 275 18 45   405.0
2021 275 18 50   414.0
2021 275 18 55   410.6
2021 275 19  0   409.3
2021 275 19  5   404.3
2021 275 19 10   403.7
2021 275 19 15   403.1
2021 275 19 20   403.3
2021 275 19 25   405.2
2021 275 19 30   404.3
2021 275 19 35   403.8
2021 275 19 40   402.4
2021 275 19 45   402.4
2021 275 19 50   402.4
2021 275 19 55   403.6
2021 275 20  0   403.8
2021 275 20  5 99999.9
2021 275 20 10   402.8
2021 275 20 15   403.2
2021 275 20 20   404.4
2021 275 20 25   404.8
2021 275 20 30   404.6
2021 275 20 35   402.5
2021 275 20 40   401.3
2021 275 20 45   402.6
2021 275 20 50   405.0
2021 275 20 55   407.2
2021 275 21  0   406.8
2021 275 21  5   404.4
2021 275 21 10   404.1
2021 275 21 15   402.4
2021 275 21 20   400.0
2021 275 21 25   402.1
2021 275 21 30   403.6
2021 275 21 35   403.4
2021 275 21 40   401.6
2021 275 21 45   400.3
2021 275 21 50   398.4
2021 275 21 55   400.3
2021 275 22  0   398.9
2021 275 22  5   400.0
2021 275 22 10   401.3
2021 275 22 15   400.3
2021 275 22 20   402.3
2021 275 22 25   403.4
2021 275 22 30   402.8
2021 275 22 35   404.4
2021 275 22 40   403.5
2021 275 22 45   404.3
2021 275 22 50   402.5
2021 275 22 55   404.2
2021 275 23  0   405.1
2021 275 23  5   406.0
2021 275 23 10   407.9
2021 275 23 15   408.4
2021 275 23 20   408.8
2021 275 23 25   410.6
2021 275 23 30   410.1
2021 275 23 35   407.2
2021 275 23 40   409.8
2021 275 23 45   410.3
2021 275 23 50   414.4
2021 275 23 55   410.5
2021 276  0  0   410.0
2021 276  0  5   411.2
2021 276  0 10   411.4
2021 276  0 15   411.6
2021 276  0 20   410.4
2021 276  0 25   414.2
2021 276  0 30   413.9
2021 276  0 35   415.4
2021 276  0 40   415.9
2021 276  0 45   414.7
2021 276  0 50   412.2
2021 276  0 55   413.8
2021 276  1  0   417.8
2021 276  1  5   414.4
2021 276  1 10   418.4
2021 276  1 15   419.4
2021 276  1 20   411.8
2021 276  1 25   414.8
2021 276  1 30   412.6
2021 276  1 35   416.1
2021 276  1 40   415.4
2021 276  1 45   414.1
2021 276  1 50   412.8
2021 276  1 55   420.1
2021 276  2  0   410.3
2021 276  2  5   411.8
2021 276  2 10   415.8
2021 276  2 15   420.2
2021 276  2 20   418.1
2021 276  2 25   413.7
2021 276  2 30   413.6
2021 276  2 35   412.8
2021 276  2 40   419.6
2021 276  2 45   417.8
2021 276  2 50   418.9
2021 276  2 55   415.9
2021 276  3  0   418.2
2021 276  3  5   418.9
2021 276  3 10   415.4
2021 276  3 15   414.3
2021 276  3 20   414.1
2021 276  3 25   408.2
2021 276  3 30   411.9
2021 276  3 35   410.6
2021 276  3 40   410.2
2021 276  3 45   409.8
2021 276  3 50   413.0
2021 276  3 55   415.3
2021 276  4  0   414.8
2021 276  4  5   414.8
2021 276  4 10   413.1
2021 276  4 15   414.6
2021 276  4 20   413.8
2021 276  4 25   414.3
2021 276  4 30   415.1
2021 276  4 35   417.4
2021 276  4 40   415.4
2021 276  4 45   413.5
2021 276  4 50   412.3
2021 276  4 55   410.8
2021 276  5  0   414.9
2021 276  5  5   419.7
2021 276  5 10   412.9
2021 276  5 15   411.1
2021 276  5 20   410.3
2021 276  5 25   410.6
2021 276  5 30   410.1
2021 276  5 35   409.9
2021 276  5 40   403.9
2021 276  5 45   402.5
2021 276  5 50   402.0
2021 276  5 55   402.0
2021 276  6  0   403.4
2021 276  6  5   401.0
2021 276  6 10   400.6
2021 276  6 15   399.9
2021 276  6 20   400.8
2021 276  6 25   400.4
2021 276  6 30   399.8
2021 276  6 35   399.3
2021 276  6 40   402.5
2021 276  6 45   400.5
2021 276  6 50   401.6
2021 276  6 55   406.6
2021 276  7  0   404.1
2021 276  7  5   401.2
2021 276  7 10   405.6
2021 276  7 15   408.1
2021 276  7 20   408.0
2021 276  7 25   408.6
2021 276  7 30   403.9
2021 276  7 35   405.6
2021 276  7 40   400.4
2021 276  7 45   399.6
2021 276  7 50   400.3
2021 276  7 55   400.8
2021 276  8  0   401.3
2021 276  8  5   401.0
2021 276  8 10   398.8
2021 276  8 15   398.9
2021 276  8 20   399.8
2021 276  8 25   400.5
2021 276  8 30   401.3
2021 276  8 35   403.3
2021 276  8 40   403.3
2021 276  8 45   404.3
2021 276  8 50   404.2
2021 276  8 55   402.6
2021 276  9  0   401.4
2021 276  9  5   400.1
2021 276  9 10   399.9
2021 276  9 15   400.1
2021 276  9 20   400.5
2021 276  9 25   400.8
2021 276  9 30   398.2
2021 276  9 35   394.0
2021 276  9 40   416.5
2021 276  9 45   425.6
2021 276  9 50   425.1
2021 276  9 55   421.6
2021 276 10  0   401.3
2021 276 10  5   394.0
2021 276 10 10   394.5
2021 276 10 15   395.4
2021 276 10 20   391.9
2021 276 10 25   393.3
2021 276 10 30   393.0
2021 276 10 35   394.9
2021 276 10 40   405.5
2021 276 10 45   398.1
2021 276 10 50   402.6
2021 276 10 55   405.2
2021 276 11  0   409.5
2021 276 11  5   403.2
2021 276 11 10   399.8
2021 276 11 15 99999.9
2021 276 11 20   399.4
2021 276 11 25   400.5
2021 276 11 30   401.9
2021 276 11 35   398.5
2021 276 11 40   399.2
2021 276 11 45   398.4
2021 276 11 50   395.2
2021 276 11 55   399.0
2021 276 12  0   401.2
2021 276 12  5   395.9
2021 276 12 10   391.2
2021 276 12 15   392.4
2021 276 12 20   390.8
2021 276 12 25   392.2
2021 276 12 30   392.7
2021 276 12 35   392.5
2021 276 12 40   391.3
2021 276 12 45   390.7
2021 276 12 50   391.9
2021 276 12 55   390.7
2021 276 13  0   391.0
2021 276 13  5   390.2
2021 276 13 10   388.6
2021 276 13 15   387.8
2021 276 13 20   387.4
2021 276 13 25   386.9
2021 276 13 30   388.5
2021 276 13 35   387.5
2021 276 13 40   387.8
2021 276 13 45   387.5
2021 276 13 50   385.8
2021 276 13 55   384.8
2021 276 14  0   383.7
2021 276 14  5   384.0
2021 276 14 10   385.4
2021 276 14 15   387.4
2021 276 14 20   386.2
2021 276 14 25 99999.9
2021 276 14 30 99999.9
2021 276 14 35 99999.9
2021 276 14 40   388.9
2021 276 14 45   387.9
2021 276 14 50   387.7
2021 276 14 55   385.4
2021 276 15  0   384.4
2021 276 15  5   383.7
2021 276 15 10   382.2
2021 276 15 15   381.4
2021 276 15 20   380.5
2021 276 15 25   381.1
2021 276 15 30   379.1
2021 276 15 35   379.2
2021 276 15 40   379.8
2021 276 15 45   382.7
2021 276 15 50   383.0
2021 276 15 55   380.7
2021 276 16  0   381.4
2021 276 16  5   382.5
2021 276 16 10   379.4
2021 276 16 15   381.1
2021 276 16 20   381.6
2021 276 16 25   379.6
2021 276 16 30   378.6
2021 276 16 35   377.5
2021 276 16 40   383.0
2021 276 16 45   383.1
2021 276 16 50   382.4
2021 276 16 55   383.0
2021 276 17  0   383.9
2021 276 17  5   383.9
2021 276 17 10   384.0
2021 276 17 15   383.9
2021 276 17 20   383.8
2021 276 17 25   384.1
2021 276 17 30   384.1
2021 276 17 35   385.6
2021 276 17 40   388.5
2021 276 17 45   389.1
2021 276 17 50   386.8
2021 276 17 55   389.9
2021 276 18  0   390.4
2021 276 18  5 99999.9
2021 276 18 10   395.7
2021 276 18 15 99999.9
2021 276 18 20   393.4
2021 276 18 25   394.4
2021 276 18 30   394.4
2021 276 18 35   398.3
2021 276 18 40   400.7
2021 276 18 45   394.5
2021 276 18 50   387.1
2021 276 18 55   387.4
2021 276 19  0   394.6
2021 276 19  5   394.6
2021 276 19 10   397.7
2021 276 19 15   399.2
2021 276 19 20   391.7
2021 276 19 25   391.7
2021 276 19 30   390.1
2021 276 19 35   391.4
2021 276 19 40   389.4
2021 276 19 45   387.1
2021 276 19 50   388.4
2021 276 19 55   389.4
2021 276 20  0   386.9
2021 276 20  5   390.6
2021 276 20 10   386.8
2021 276 20 15 99999.9
2021 276 20 20   384.8
2021 276 20 25   385.3
2021 276 20 30   384.1
2021 276 20 35   384.9
2021 276 20 40   385.9
2021 276 20 45   385.7
2021 276 20 50   384.8
2021 276 20 55   383.9
2021 276 21  0   383.8
2021 276 21  5   384.6
2021 276 21 10   383.9
2021 276 21 15   383.6
2021 276 21 20   383.3
2021 276 21 25   384.4
2021 276 21 30   384.1
2021 276 21 35   383.1
2021 276 21 40   381.8
2021 276 21 45   381.2
2021 276 21 50   380.6
2021 276 21 55   380.1
2021 276 22  0   380.3
2021 276 22  5   379.4
2021 276 22 10   380.6
2021 276 22 15   380.3
2021 276 22 20   379.0
2021 276 22 25   376.9
2021 276 22 30   377.5
2021 276 22 35   379.5
2021 276 22 40   379.8
2021 276 22 45   377.3
2021 276 22 50   377.4
2021 276 22 55   380.5
2021 276 23  0   376.9
2021 276 23  5   375.3
2021 276 23 10   375.5
2021 276 23 15   375.0
2021 276 23 20   372.1
2021 276 23 25   374.1
2021 276 23 30   374.1
2021 276 23 35   371.4
2021 276 23 40   367.6
2021 276 23 45   367.1
2021 276 23 50   374.0
2021 276 23 55   377.3
2021 277  0  0   376.0
2021 277  0  5   375.3
2021 277  0 10 99999.9
2021 277  0 15   374.8
2021 277  0 20   375.6
2021 277  0 25   375.2
2021 277  0 30   374.4
2021 277  0 35   375.6
2021 277  0 40   376.0
2021 277  0 45   375.6
2021 277  0 50   374.3
2021 277  0 55   378.5
2021 277  1  0   381.0
2021 277  1  5   382.2
2021 277  1 10   381.0
2021 277  1 15   378.8
2021 277  1 20   377.3
2021 277  1 25   364.8
2021 277  1 30   363.6
2021 277  1 35   369.1
2021 277  1 40   375.9
2021 277  1 45   373.5
2021 277  1 50   366.4
2021 277  1 55   366.5
2021 277  2  0   366.4
2021 277  2  5   364.8
2021 277  2 10   364.0
2021 277  2 15   366.2
2021 277  2 20   364.6
2021 277  2 25   364.9
2021 277  2 30   364.2
2021 277  2 35   363.3
2021 277  2 40   363.1
2021 277  2 45   364.0
2021 277  2 50   364.4
2021 277  2 55   363.9
2021 277  3  0   365.3
2021 277  3  5   364.5
2021 277  3 10   363.6
2021 277  3 15   360.7
2021 277  3 20   360.4
2021 277  3 25   362.4
2021 277  3 30   362.9
2021 277  3 35   363.4
2021 277  3 40   364.8
2021 277  3 45   363.6
2021 277  3 50   362.8
2021 277  3 55   361.8
2021 277  4  0   363.3
2021 277  4  5 99999.9
2021 277  4 10 99999.9
2021 277  4 15 99999.9
2021 277  4 20 99999.9
2021 277  4 25   363.2
2021 277  4 30   363.6
2021 277  4 35   366.9
2021 277  4 40   366.5
2021 277  4 45   366.6
2021 277  4 50   364.7
2021 277  4 55   362.9
2021 277  5  0   367.1
2021 277  5  5   365.7
2021 277  5 10   367.1
2021 277  5 15   366.5
2021 277  5 20   366.5
2021 277  5 25   367.1
2021 277  5 30 99999.9
2021 277  5 35   369.2
2021 277  5 40   368.1
2021 277  5 45   367.5
2021 277  5 50   364.8
2021 277  5 55   364.8
2021 277  6  0   365.2
2021 277  6  5   366.4
2021 277  6 10   364.7
2021 277  6 15   364.3
2021 277  6 20   369.6
2021 277  6 25   363.3
2021 277  6 30   364.9
2021 277  6 35   363.0
2021 277  6 40   360.1
2021 277  6 45   359.4
2021 277  6 50   358.5
2021 277  6 55   359.4
2021 277  7  0   361.6
2021 277  7  5 99999.9
2021 277  7 10   361.3
2021 277  7 15 99999.9
2021 277  7 20   360.3
2021 277  7 25   361.2
2021 277  7 30 99999.9
2021 277  7 35   361.2
2021 277  7 40   360.6
2021 277  7 45   363.3
2021 277  7 50   365.1
2021 277  7 55   364.6
2021 277  8  0   361.5
2021 277  8  5   361.0
2021 277  8 10   359.6
2021 277  8 15   358.9
2021 277  8 20   359.7
2021 277  8 25   359.8
2021 277  8 30   361.0
2021 277  8 35 99999.9
2021 277  8 40   361.1
2021 277  8 45   360.9
2021 277  8 50   356.3
2021 277  8 55   357.1
2021 277  9  0   359.9
2021 277  9  5   357.5
2021 277  9 10   355.6
2021 277  9 15   349.6
2021 277  9 20   348.8
2021 277  9 25   350.9
2021 277  9 30   348.1
2021 277  9 35   346.8
2021 277  9 40   348.5
2021 277  9 45   348.4
2021 277  9 50   348.8
2021 277  9 55   347.9
2021 277 10  0   346.6
2021 277 10  5   346.0
2021 277 10 10   354.5
2021 277 10 15   365.0
2021 277 10 20   365.4
2021 277 10 25   363.0
2021 277 10 30   361.1
2021 277 10 35   359.4
2021 277 10 40   360.8
2021 277 10 45   358.7
2021 277 10 50   354.0
2021 277 10 55   353.2
2021 277 11  0   353.8
2021 277 11  5   354.4
2021 277 11 10   354.5
2021 277 11 15   353.9
2021 277 11 20   353.8
2021 277 11 25   353.7
2021 277 11 30   355.2
2021 277 11 35   355.6
2021 277 11 40   356.5
2021 277 11 45   358.4
2021 277 11 50   357.3
2021 277 11 55   354.6
2021 277 12  0   356.5
2021 277 12  5   356.6
2021 277 12 10   353.3
2021 277 12 15   351.0
2021 277 12 20   355.9
2021 277 12 25   355.0
2021 277 12 30   356.1
2021 277 12 35   354.1
2021 277 12 40 99999.9
2021 277 12 45 99999.9
2021 277 12 50 99999.9
2021 277 12 55 99999.9
2021 277 13  0 99999.9
2021 277 13  5 99999.9
2021 277 13 10 99999.9
2021 277 13 15   354.4
2021 277 13 20   352.9
2021 277 13 25   353.6
2021 277 13 30   354.6
2021 277 13 35   352.0
2021 277 13 40   352.0
2021 277 13 45   352.8
2021 277 13 50   350.2
2021 277 13 55   351.5
2021 277 14  0   351.5
2021 277 14  5   350.6
2021 277 14 10   348.4
2021 277 14 15   348.8
2021 277 14 20   349.7
2021 277 14 25   350.8
2021 277 14 30   348.0
2021 277 14 35   347.3
2021 277 14 40   345.4
2021 277 14 45   343.0
2021 277 14 50   345.1
2021 277 14 55   343.8
2021 277 15  0   342.8
2021 277 15  5   342.4
2021 277 15 10 99999.9
2021 277 15 15   338.5
2021 277 15 20   338.8
2021 277 15 25   343.3
2021 277 15 30   341.4
2021 277 15 35   339.5
2021 277 15 40   340.4
2021 277 15 45   341.4
2021 277 15 50   341.2
2021 277 15 55   341.3
2021 277 16  0   339.9
2021 277 16  5   332.4
2021 277 16 10   334.5
2021 277 16 15   333.8
2021 277 16 20 99999.9
2021 277 16 25   332.9
2021 277 16 30   332.2
2021 277 16 35   331.7
2021 277 16 40   332.8
2021 277 16 45   332.4
2021 277 16 50   334.1
2021 277 16 55   334.1
2021 277 17  0   333.2
2021 277 17  5   333.3
2021 277 17 10   334.9
2021 277 17 15   336.1
2021 277 17 20   332.3
2021 277 17 25   334.8
2021 277 17 30   336.7
2021 277 17 35   335.8
2021 277 17 40 99999.9
2021 277 17 45 99999.9
2021 277 17 50 99999.9
2021 277 17 55   337.0
2021 277 18  0 99999.9
2021 277 18  5 99999.9
2021 277 18 10   340.3
2021 277 18 15 99999.9
2021 277 18 20   339.3
2021 277 18 25 99999.9
2021 277 18 30   337.4
2021 277 18 35   336.7
2021 277 18 40   332.4
2021 277 18 45   335.9
2021 277 18 50   336.1
2021 277 18 55   334.1
2021 277 19  0   330.8
2021 277 19  5   331.1
2021 277 19 10   331.9
2021 277 19 15   330.4
2021 277 19 20 99999.9
2021 277 19 25 99999.9
2021 277 19 30   330.6
2021 277 19 35   330.4
2021 277 19 40   330.2
2021 277 19 45   330.2
2021 277 19 50   330.3
2021 277 19 55   330.6
2021 277 20  0   329.9
2021 277 20  5   329.4
2021 277 20 10   327.2
2021 277 20 15   326.5
2021 277 20 20   328.4
2021 277 20 25   328.2
2021 277 20 30 99999.9
2021 277 20 35   325.9
2021 277 20 40   323.8
2021 277 20 45   322.9
2021 277 20 50   323.0
2021 277 20 55   322.1
2021 277 21  0   321.8
2021 277 21  5   323.3
2021 277 21 10   324.1
2021 277 21 15   322.1
2021 277 21 20   321.5
2021 277 21 25 99999.9
2021 277 21 30 99999.9
2021 277 21 35   324.3
2021 277 21 40 99999.9
2021 277 21 45   320.0
2021 277 21 50 99999.9
2021 277 21 55 99999.9
2021 277 22  0 99999.9
2021 277 22  5   323.3
2021 277 22 10 99999.9
2021 277 22 15 99999.9
2021 277 22 20   323.5
2021 277 22 25 99999.9
2021 277 22 30 99999.9
2021 277 22 35   323.0
2021 277 22 40 99999.9
2021 277 22 45   323.5
2021 277 22 50   331.2
2021 277 22 55   324.8
2021 277 23  0   320.0
2021 277 23  5   321.0
2021 277 23 10   332.4
2021 277 23 15   332.3
2021 277 23 20   333.0
2021 277 23 25 99999.9
2021 277 23 30   332.0
2021 277 23 35   332.0
2021 277 23 40 99999.9
2021 277 23 45   333.2
2021 277 23 50 99999.9
2021 277 23 55 99999.9
2021 278  0  0   332.9
2021 278  0  5   333.5
2021 278  0 10   332.5
2021 278  0 15   333.1
2021 278  0 20   333.5
2021 278  0 25 99999.9
2021 278  0 30   329.1
2021 278  0 35 99999.9
2021 278  0 40   331.7
2021 278  0 45   330.4
2021 278  0 50   330.4
2021 278  0 55 99999.9
2021 278  1  0   327.9
2021 278  1  5   330.6
2021 278  1 10   327.5
2021 278  1 15   324.1
2021 278  1 20   324.6
2021 278  1 25   322.9
2021 278  1 30   323.7
2021 278  1 35   325.4
2021 278  1 40   324.0
2021 278  1 45   324.0
2021 278  1 50 99999.9
2021 278  1 55 99999.9
2021 278  2  0 99999.9
2021 278  2  5   323.4
2021 278  2 10 99999.9
2021 278  2 15 99999.9
2021 278  2 20 99999.9
2021 278  2 25   322.1
2021 278  2 30   322.3
2021 278  2 35   325.5
2021 278  2 40   324.3
2021 278  2 45   323.4
2021 278  2 50   315.1
2021 278  2 55   315.3
2021 278  3  0   313.3
2021 278  3  5   312.3
2021 278  3 10   311.1
2021 278  3 15   311.1
2021 278  3 20   311.9
2021 278  3 25   309.7
2021 278  3 30   310.5
2021 278  3 35   310.0
2021 278  3 40   311.3
2021 278  3 45   310.7
2021 278  3 50   308.4
2021 278  3 55   307.6
2021 278  4  0   307.4
2021 278  4  5   307.1
2021 278  4 10   306.9
2021 278  4 15   305.3
2021 278  4 20   305.9
2021 278  4 25   306.6
2021 278  4 30   308.0
2021 278  4 35   308.0
2021 278  4 40 99999.9
2021 278  4 45   309.4
2021 278  4 50 99999.9
2021 278  4 55   310.8
2021 278  5  0   306.7
2021 278  5  5   308.4
2021 278  5 10   306.1
2021 278  5 15   304.3
2021 278  5 20   304.8
2021 278  5 25   305.0
2021 278  5 30   304.5
2021 278  5 35   306.9
2021 278  5 40   308.1
2021 278  5 45   307.3
2021 278  5 50   308.0
2021 278  5 55   308.3
2021 278  6  0   309.4
2021 278  6  5   308.2
2021 278  6 10   306.9
2021 278  6 15   303.5
2021 278  6 20   303.8
2021 278  6 25   302.2
2021 278  6 30   301.8
2021 278  6 35   301.2
2021 278  6 40   301.1
2021 278  6 45   300.1
2021 278  6 50   298.2
2021 278  6 55   297.5
2021 278  7  0   294.3
2021 278  7  5   296.7
2021 278  7 10   293.3
2021 278  7 15   297.2
2021 278  7 20   294.7
2021 278  7 25   295.5
2021 278  7 30   296.7
2021 278  7 35   295.4
2021 278  7 40   293.2
2021 278  7 45   294.2
2021 278  7 50   292.6
2021 278  7 55   295.4
2021 278  8  0   294.4
2021 278  8  5   293.1
2021 278  8 10   292.7
2021 278  8 15   292.1
2021 278  8 20   291.9
2021 278  8 25   292.4
2021 278  8 30   290.9
2021 278  8 35   290.6
2021 278  8 40   291.6
2021 278  8 45   292.5
2021 278  8 50   292.5
2021 278  8 55   292.4
2021 278  9  0   291.8
2021 278  9  5   291.3
2021 278  9 10   290.4
2021 278  9 15   290.7
2021 278  9 20   289.6
2021 278  9 25   288.2
2021 278  9 30   288.3
2021 278  9 35   288.6
2021 278  9 40   289.3
2021 278  9 45   290.3
2021 278  9 50   291.8
2021 278  9 55   293.4
2021 278 10  0   293.5
2021 278 10  5   293.5
2021 278 10 10   294.2
2021 278 10 15   291.8
2021 278 10 20   291.1
2021 278 10 25   290.0
2021 278 10 30   289.5
2021 278 10 35   289.7
2021 278 10 40   289.3
2021 278 10 45   289.7
2021 278 10 50   289.3
2021 278 10 55   289.4
2021 278 11  0   288.9
2021 278 11  5   290.1
2021 278 11 10   290.3
2021 278 11 15   290.5
2021 278 11 20   290.1
2021 278 11 25   290.2
2021 278 11 30   290.1
2021 278 11 35   291.6
2021 278 11 40   289.1
2021 278 11 45   286.9
2021 278 11 50   291.2
2021 278 11 55   289.7
2021 278 12  0   289.8
2021 278 12  5   289.8
2021 278 12 10   289.8
2021 278 12 15   290.4
2021 278 12 20   290.3
2021 278 12 25   290.5
2021 278 12 30   289.9
2021 278 12 35   289.9
2021 278 12 40   289.8
2021 278 12 45   290.1
2021 278 12 50   290.2
2021 278 12 55   291.5
2021 278 13  0   292.2
2021 278 13  5   293.1
2021 278 13 10   292.7
2021 278 13 15   293.2
2021 278 13 20   293.2
2021 278 13 25   292.0
2021 278 13 30   292.1
2021 278 13 35   292.3
2021 278 13 40   292.6
2021 278 13 45   292.7
2021 278 13 50   294.7
2021 278 13 55   294.0
2021 278 14  0   297.0
2021 278 14  5   296.5
2021 278 14 10   300.8
2021 278 14 15   316.9
2021 278 14 20   317.3
2021 278 14 25 99999.9
2021 278 14 30   316.9
2021 278 14 35   315.9
2021 278 14 40   316.0
2021 278 14 45   316.0
2021 278 14 50   313.1
2021 278 14 55   314.3
2021 278 15  0   312.7
2021 278 15  5   313.2
2021 278 15 10   315.1
2021 278 15 15   313.2
2021 278 15 20   314.1
2021 278 15 25   313.4
2021 278 15 30   312.9
2021 278 15 35   309.3
2021 278 15 40   308.5
2021 278 15 45   305.3
2021 278 15 50   304.3
2021 278 15 55   308.4
2021 278 16  0   305.6
2021 278 16  5   304.2
2021 278 16 10   304.4
2021 278 16 15   304.0
2021 278 16 20   303.3
2021 278 16 25   303.5
2021 278 16 30   307.4
2021 278 16 35   308.6
2021 278 16 40   309.8
2021 278 16 45   310.7
2021 278 16 50   312.2
2021 278 16 55   313.8
2021 278 17  0   311.7
2021 278 17  5   311.3
2021 278 17 10   311.1
2021 278 17 15   309.5
2021 278 17 20   309.4
2021 278 17 25   309.1
2021 278 17 30   308.3
2021 278 17 35   308.2
2021 278 17 40   310.1
2021 278 17 45   307.8
2021 278 17 50   307.5
2021 278 17 55   307.5
2021 278 18  0   306.7
2021 278 18  5   305.8
2021 278 18 10   303.2
2021 278 18 15   304.4
2021 278 18 20   305.1
2021 278 18 25   305.3
2021 278 18 30   302.5
2021 278 18 35   301.8
2021 278 18 40   300.7
2021 278 18 45   301.0
2021 278 18 50   296.2
2021 278 18 55   299.5
2021 278 19  0   300.0
2021 278 19  5   299.6
2021 278 19 10   300.0
2021 278 19 15   300.4
2021 278 19 20   300.1
2021 278 19 25   300.3
2021 278 19 30   300.7
2021 278 19 35   301.4
2021 278 19 40   299.8
2021 278 19 45   299.9
2021 278 19 50   299.2
2021 278 19 55   296.1
2021 278 20  0   298.0
2021 278 20  5   297.9
2021 278 20 10   300.1
2021 278 20 15   299.3
2021 278 20 20 99999.9
2021 278 20 25   298.8
2021 278 20 30 99999.9
2021 278 20 35 99999.9
2021 278 20 40   299.4
2021 278 20 45   297.8
2021 278 20 50   298.5
2021 278 20 55   299.6
2021 278 21  0   299.0
2021 278 21  5   299.2
2021 278 21 10   296.8
2021 278 21 15   297.7
2021 278 21 20   297.8
2021 278 21 25   295.5
2021 278 21 30   298.7
2021 278 21 35   299.5
2021 278 21 40   300.7
2021 278 21 45   300.8
2021 278 21 50   303.8
2021 278 21 55   303.9
2021 278 22  0   305.3
2021 278 22  5   307.9
2021 278 22 10   306.7
2021 278 22 15   308.6
2021 278 22 20   307.7
2021 278 22 25   307.2
2021 278 22 30   308.2
2021 278 22 35   306.1
2021 278 22 40   305.8
2021 278 22 45   306.2
2021 278 22 50   307.4
2021 278 22 55   307.0
2021 278 23  0   307.4
2021 278 23  5   306.9
2021 278 23 10   305.4
2021 278 23 15   303.5
2021 278 23 20   303.5
2021 278 23 25   303.0
2021 278 23 30   305.8
2021 278 23 35   311.1
2021 278 23 40   312.7
2021 278 23 45   307.1
2021 278 23 50   305.4
2021 278 23 55   306.6
2021 279  0  0   305.7
2021 279  0  5   306.8
2021 279  0 10   307.5
2021 279  0 15   307.9
2021 279  0 20   308.1
2021 279  0 25   307.1
2021 279  0 30   307.0
2021 279  0 35   307.2
2021 279  0 40   306.1
2021 279  0 45   304.6
2021 279  0 50   305.9
2021 279  0 55   308.4
2021 279  1  0   304.9
2021 279  1  5   308.3
2021 279  1 10   308.7
2021 279  1 15   306.7
2021 279  1 20   303.8
2021 279  1 25   302.6
2021 279  1 30   303.2
2021 279  1 35   305.2
2021 279  1 40   305.7
2021 279  1 45   304.3
2021 279  1 50   304.3
2021 279  1 55   305.9
2021 279  2  0   307.2
2021 279  2  5   308.8
2021 279  2 10   309.2
2021 279  2 15   308.5
2021 279  2 20   309.1
2021 279  2 25   309.1
2021 279  2 30   310.4
2021 279  2 35   309.6
2021 279  2 40   309.0
2021 279  2 45   307.5
2021 279  2 50   307.8
2021 279  2 55   308.2
2021 279  3  0   308.4
2021 279  3  5   309.6
2021 279  3 10   316.8
2021 279  3 15   321.1
2021 279  3 20   321.0
2021 279  3 25   322.5
2021 279  3 30   322.7
2021 279  3 35   322.0
2021 279  3 40   322.3
2021 279  3 45   324.3
2021 279  3 50   324.8
2021 279  3 55   324.4
2021 279  4  0   324.3
2021 279  4  5   324.0
2021 279  4 10   324.8
2021 279  4 15   325.4
2021 279  4 20   325.3
2021 279  4 25   324.4
2021 279  4 30   323.6
2021 279  4 35   324.3
2021 279  4 40   323.8
2021 279  4 45   324.4
2021 279  4 50   323.6
2021 279  4 55   322.9
2021 279  5  0   324.4
2021 279  5  5   324.1
2021 279  5 10   324.5
2021 279  5 15   324.9
2021 279  5 20   324.3
2021 279  5 25   324.1
2021 279  5 30   323.2
2021 279  5 35   323.2
2021 279  5 40   323.2
2021 279  5 45   323.4
2021 279  5 50   324.5
2021 279  5 55   323.4
2021 279  6  0   322.5
2021 279  6  5   322.2
2021 279  6 10   322.9
2021 279  6 15   324.0
2021 279  6 20   326.4
2021 279  6 25   323.2
2021 279  6 30   321.9
2021 279  6 35   323.6
2021 279  6 40   323.4
2021 279  6 45   322.7
2021 279  6 50   322.5
2021 279  6 55   322.8
2021 279  7  0   322.6
2021 279  7  5   322.8
2021 279  7 10   322.9
2021 279  7 15   323.7
2021 279  7 20   330.2
2021 279  7 25   337.4
2021 279  7 30   330.7
2021 279  7 35 99999.9
2021 279  7 40   333.0
2021 279  7 45   332.4
2021 279  7 50   333.0
2021 279  7 55   335.9
2021 279  8  0   335.4
2021 279  8  5   326.5
2021 279  8 10   327.6
2021 279  8 15   330.2
2021 279  8 20   328.3
2021 279  8 25   323.7
2021 279  8 30   322.5
2021 279  8 35   319.9
2021 279  8 40   318.2
2021 279  8 45   321.1
2021 279  8 50   315.4
2021 279  8 55   315.5
2021 279  9  0 99999.9
2021 279  9  5 99999.9
2021 279  9 10   313.7
2021 279  9 15   317.3
2021 279  9 20   317.6
2021 279  9 25   316.4
2021 279  9 30   316.1
2021 279  9 35   316.7
2021 279  9 40   316.8
2021 279  9 45   317.7
2021 279  9 50   320.3
2021 279  9 55   318.9
2021 279 10  0   323.1
2021 279 10  5   330.0
2021 279 10 10   331.2
2021 279 10 15   332.4
2021 279 10 20   329.9
2021 279 10 25   331.0
2021 279 10 30   332.1
2021 279 10 35   332.4
2021 279 10 40   331.8
2021 279 10 45   328.6
2021 279 10 50   334.3
2021 279 10 55   330.7
2021 279 11  0   332.1
2021 279 11  5   334.0
2021 279 11 10   332.3
2021 279 11 15   331.6
2021 279 11 20   333.1
2021 279 11 25   333.3
2021 279 11 30   334.8
2021 279 11 35   335.6
2021 279 11 40   331.2
2021 279 11 45   333.8
2021 279 11 50   337.9
2021 279 11 55   337.5
2021 279 12  0   337.1
2021 279 12  5   336.5
2021 279 12 10   337.1
2021 279 12 15   336.6
2021 279 12 20   337.8
2021 279 12 25   337.3
2021 279 12 30   336.6
2021 279 12 35   338.2
2021 279 12 40   337.4
2021 279 12 45   336.1
2021 279 12 50   334.1
2021 279 12 55   334.4
2021 279 13  0   333.7
2021 279 13  5   334.8
2021 279 13 10   335.2
2021 279 13 15   332.9
2021 279 13 20   330.8
2021 279 13 25   331.6
2021 279 13 30   330.7
2021 279 13 35   332.5
2021 279 13 40   332.9
2021 279 13 45   331.5
2021 279 13 50   330.5
2021 279 13 55   329.9
2021 279 14  0   329.9
2021 279 14  5   325.4
2021 279 14 10   329.9
2021 279 14 15   330.8
2021 279 14 20   329.1
2021 279 14 25   329.7
2021 279 14 30   328.6
2021 279 14 35   328.0
2021 279 14 40   327.4
2021 279 14 45   328.1
2021 279 14 50   327.0
2021 279 14 55   328.0
2021 279 15  0   329.4
2021 279 15  5   329.2
2021 279 15 10   327.7
2021 279 15 15   327.9
2021 279 15 20   329.1
2021 279 15 25   329.4
2021 279 15 30   328.9
2021 279 15 35   329.1
2021 279 15 40   331.1
2021 279 15 45   331.4
2021 279 15 50   331.1
2021 279 15 55   331.7
2021 279 16  0   328.0
2021 279 16  5   327.6
2021 279 16 10   328.1
2021 279 16 15   329.5
2021 279 16 20   331.5
2021 279 16 25   327.9
2021 279 16 30   333.8
2021 279 16 35   332.7
2021 279 16 40   328.8
2021 279 16 45   328.0
2021 279 16 50   327.2
2021 279 16 55   325.9
2021 279 17  0   326.2
2021 279 17  5   325.4
2021 279 17 10   321.7
2021 279 17 15   319.2
2021 279 17 20   319.1
2021 279 17 25   322.4
2021 279 17 30   323.3
2021 279 17 35   324.1
2021 279 17 40   319.8
2021 279 17 45   315.1
2021 279 17 50   319.0
2021 279 17 55   325.7
2021 279 18  0   328.1
2021 279 18  5   326.0
2021 279 18 10   323.8
2021 279 18 15   322.3
2021 279 18 20   320.0
2021 279 18 25   323.1
2021 279 18 30   327.0
2021 279 18 35   325.2
2021 279 18 40   331.4
2021 279 18 45   331.8
2021 279 18 50   333.3
2021 279 18 55   331.5
2021 279 19  0   331.5
2021 279 19  5   329.9
2021 279 19 10   326.9
2021 279 19 15   322.9
2021 279 19 20 99999.9
2021 279 19 25   322.7
2021 279 19 30   320.4
2021 279 19 35   321.6
2021 279 19 40   323.2
2021 279 19 45   319.9
2021 279 19 50   320.7
2021 279 19 55   322.9
2021 279 20  0   325.5
2021 279 20  5   320.0
2021 279 20 10   315.3
2021 279 20 15   313.6
2021 279 20 20   311.8
2021 279 20 25   311.7
2021 279 20 30   313.5
2021 279 20 35   313.7
2021 279 20 40   314.1
2021 279 20 45   311.7
2021 279 20 50   313.5
2021 279 20 55   314.5
2021 279 21  0   315.2
2021 279 21  5   314.7
2021 279 21 10   314.1
2021 279 21 15   316.3
2021 279 21 20   316.7
2021 279 21 25   316.6
2021 279 21 30   315.3
2021 279 21 35   318.5
2021 279 21 40   322.5
2021 279 21 45   321.0
2021 279 21 50   321.4
2021 279 21 55   320.8
2021 279 22  0   320.5
2021 279 22  5   321.9
2021 279 22 10   321.4
2021 279 22 15   322.8
2021 279 22 20   320.6
2021 279 22 25   319.1
2021 279 22 30   317.9
2021 279 22 35   311.7
2021 279 22 40   311.4
2021 279 22 45   311.7
2021 279 22 50   312.2
2021 279 22 55   311.8
2021 279 23  0   314.6
2021 279 23  5   314.7
2021 279 23 10   313.9
2021 279 23 15   315.0
2021 279 23 20   317.1
2021 279 23 25   308.5
2021 279 23 30   309.9
2021 279 23 35   310.7
2021 279 23 40   311.1
2021 279 23 45   307.0
2021 279 23 50   308.4
2021 279 23 55   308.5
2021 280  0  0   306.7
2021 280  0  5   306.6
2021 280  0 10   306.9
2021 280  0 15   306.7
2021 280  0 20   305.8
2021 280  0 25   305.6
2021 280  0 30   305.7
2021 280  0 35   304.6
2021 280  0 40   306.0
2021 280  0 45   305.6
2021 280  0 50   305.9
2021 280  0 55   306.0
2021 280  1  0   306.1
2021 280  1  5   305.9
2021 280  1 10   305.7
2021 280  1 15   305.9
2021 280  1 20   306.5
2021 280  1 25   306.1
2021 280  1 30   306.6
2021 280  1 35   307.5
2021 280  1 40   306.6
2021 280  1 45   305.8
2021 280  1 50   306.1
2021 280  1 55   305.4
2021 280  2  0   304.6
2021 280  2  5   304.0
2021 280  2 10   302.6
2021 280  2 15   302.7
2021 280  2 20   300.4
2021 280  2 25   300.7
2021 280  2 30   300.4
2021 280  2 35   299.1
2021 280  2 40   298.4
2021 280  2 45   299.7
2021 280  2 50   300.5
2021 280  2 55   302.0
2021 280  3  0 99999.9
2021 280  3  5   299.5
2021 280  3 10 99999.9
2021 280  3 15   296.9
2021 280  3 20   298.2
2021 280  3 25   295.6
2021 280  3 30   300.0
2021 280  3 35   300.3
2021 280  3 40   299.9
2021 280  3 45   296.2
2021 280  3 50   297.2
2021 280  3 55   296.7
2021 280  4  0   293.6
2021 280  4  5   291.1
2021 280  4 10   289.4
2021 280  4 15   296.8
2021 280  4 20   296.2
2021 280  4 25   291.0
2021 280  4 30   291.9
2021 280  4 35 99999.9
2021 280  4 40   301.6
2021 280  4 45   305.9
2021 280  4 50   305.8
2021 280  4 55   305.1
2021 280  5  0   304.6
2021 280  5  5   304.9
2021 280  5 10   307.7
2021 280  5 15   304.9
2021 280  5 20   305.8
2021 280  5 25   304.5
2021 280  5 30   307.6
2021 280  5 35   313.8
2021 280  5 40   312.6
2021 280  5 45   313.9
2021 280  5 50   314.7
2021 280  5 55   316.9
2021 280  6  0   318.9
2021 280  6  5   323.7
2021 280  6 10   325.4
2021 280  6 15   325.0
2021 280  6 20   323.2
2021 280  6 25   330.9
2021 280  6 30   331.8
2021 280  6 35   343.8
2021 280  6 40   343.3
2021 280  6 45   342.6
2021 280  6 50   344.1
2021 280  6 55   350.4
2021 280  7  0   350.7
2021 280  7  5   347.4
2021 280  7 10   338.7
2021 280  7 15   335.0
2021 280  7 20   335.9
2021 280  7 25   332.7
2021 280  7 30   333.0
2021 280  7 35   332.1
2021 280  7 40   335.3
2021 280  7 45   338.0
2021 280  7 50   338.0
2021 280  7 55   338.5
2021 280  8  0   338.1
2021 280  8  5   338.3
2021 280  8 10   338.8
2021 280  8 15   339.6
2021 280  8 20   337.1
2021 280  8 25   337.4
2021 280  8 30   334.4
2021 280  8 35   331.6
2021 280  8 40   335.6
2021 280  8 45   335.6
2021 280  8 50   334.4
2021 280  8 55   332.4
2021 280  9  0   333.6
2021 280  9  5   328.4
2021 280  9 10   326.7
2021 280  9 15   326.1
2021 280  9 20   318.7
2021 280  9 25   320.3
2021 280  9 30   326.0
2021 280  9 35   325.8
2021 280  9 40   325.9
2021 280  9 45   336.8
2021 280  9 50   319.8
2021 280  9 55   323.0
2021 280 10  0   327.6
2021 280 10  5 99999.9
2021 280 10 10   333.2
2021 280 10 15   307.9
2021 280 10 20   311.0
2021 280 10 25   314.9
2021 280 10 30   317.5
2021 280 10 35   313.3
2021 280 10 40   312.8
2021 280 10 45   310.1
2021 280 10 50   308.2
2021 280 10 55   306.8
2021 280 11  0   311.5
2021 280 11  5   310.4
2021 280 11 10   313.7
2021 280 11 15   313.1
2021 280 11 20   314.1
2021 280 11 25   315.2
2021 280 11 30   312.7
2021 280 11 35   311.1
2021 280 11 40   312.5
2021 280 11 45   315.3
2021 280 11 50 99999.9
2021 280 11 55   309.1
2021 280 12  0   312.2
2021 280 12  5   314.9
2021 280 12 10   319.4
2021 280 12 15   320.4
2021 280 12 20   317.3
2021 280 12 25   327.8
2021 280 12 30   332.8
2021 280 12 35   337.3
2021 280 12 40   337.8
2021 280 12 45   335.2
2021 280 12 50   326.8
2021 280 12 55   322.1
2021 280 13  0   321.0
2021 280 13  5   319.5
2021 280 13 10   328.0
2021 280 13 15   321.0
2021 280 13 20   322.9
2021 280 13 25   335.8
2021 280 13 30   335.7
2021 280 13 35   333.4
2021 280 13 40   330.9
2021 280 13 45 99999.9
2021 280 13 50   340.6
2021 280 13 55   339.9
2021 280 14  0   340.4
2021 280 14  5   341.6
2021 280 14 10   334.9
2021 280 14 15   343.5
2021 280 14 20   334.5
2021 280 14 25   337.4
2021 280 14 30   332.5
2021 280 14 35   331.3
2021 280 14 40   326.2
2021 280 14 45   328.4
2021 280 14 50   328.9
2021 280 14 55   331.4
2021 280 15  0   330.9
2021 280 15  5   331.9
2021 280 15 10   326.9
2021 280 15 15   327.1
2021 280 15 20   329.2
2021 280 15 25   328.6
2021 280 15 30   330.2
2021 280 15 35   329.8
2021 280 15 40   330.1
2021 280 15 45   326.7
2021 280 15 50   327.0
2021 280 15 55   327.5
2021 280 16  0   329.4
2021 280 16  5   322.1
2021 280 16 10   324.7
2021 280 16 15   328.8
2021 280 16 20   327.5
2021 280 16 25   325.3
2021 280 16 30   324.5
2021 280 16 35   327.6
2021 280 16 40   327.4
2021 280 16 45   321.2
2021 280 16 50   316.5
2021 280 16 55   319.8
2021 280 17  0   318.6
2021 280 17  5   318.4
2021 280 17 10   314.8
2021 280 17 15   314.1
2021 280 17 20   311.9
2021 280 17 25   310.3
2021 280 17 30   312.1
2021 280 17 35   313.9
2021 280 17 40   321.3
2021 280 17 45   321.9
2021 280 17 50   321.5
2021 280 17 55   320.9
2021 280 18  0   314.8
2021 280 18  5   309.8
2021 280 18 10   310.7
2021 280 18 15   309.9
2021 280 18 20   308.4
2021 280 18 25   309.2
2021 280 18 30   307.4
2021 280 18 35   309.5
2021 280 18 40   309.9
2021 280 18 45   311.6
2021 280 18 50   313.0
2021 280 18 55   310.5
2021 280 19  0   313.5
2021 280 19  5   311.8
2021 280 19 10   311.2
2021 280 19 15   309.3
2021 280 19 20   310.3
2021 280 19 25   310.4
2021 280 19 30   311.1
2021 280 19 35   313.6
2021 280 19 40   314.4
2021 280 19 45   314.2
2021 280 19 50   313.0
2021 280 19 55   314.2
2021 280 20  0   318.4
2021 280 20  5   315.1
2021 280 20 10   315.3
2021 280 20 15   325.9
2021 280 20 20   325.1
2021 280 20 25   321.8
2021 280 20 30   319.6
2021 280 20 35   314.4
2021 280 20 40   315.7
2021 280 20 45   315.8
2021 280 20 50   316.3
2021 280 20 55   315.7
2021 280 21  0   317.5
2021 280 21  5   323.1
2021 280 21 10   313.4
2021 280 21 15   313.3
2021 280 21 20   313.3
2021 280 21 25   311.3
2021 280 21 30   309.2
2021 280 21 35   308.3
2021 280 21 40   308.4
2021 280 21 45   307.3
2021 280 21 50   307.9
2021 280 21 55   307.6
2021 280 22  0   307.8
2021 280 22  5   311.1
2021 280 22 10   312.8
2021 280 22 15   310.9
2021 280 22 20   312.6
2021 280 22 25   312.6
2021 280 22 30   312.6
2021 280 22 35   314.0
2021 280 22 40   313.7
2021 280 22 45   307.6
2021 280 22 50   308.6
2021 280 22 55   312.7
2021 280 23  0   314.7
2021 280 23  5   307.9
2021 280 23 10   307.8
2021 280 23 15   307.8
2021 280 23 20   308.2
2021 280 23 25   309.6
2021 280 23 30   309.3
2021 280 23 35   310.9
2021 280 23 40   313.7
2021 280 23 45   312.5
2021 280 23 50   309.9
2021 280 23 55   310.9
2021 281  0  0   310.6
2021 281  0  5   309.7
2021 281  0 10   308.6
2021 281  0 15   311.2
2021 281  0 20   313.9
2021 281  0 25   311.9
2021 281  0 30   310.6
2021 281  0 35   308.6
2021 281  0 40   311.5
2021 281  0 45   315.2
2021 281  0 50   313.5
2021 281  0 55   313.2
2021 281  1  0   313.9
2021 281  1  5   308.6
2021 281  1 10   305.0
2021 281  1 15   306.9
2021 281  1 20   307.4
2021 281  1 25   305.1
2021 281  1 30   306.8
2021 281  1 35   305.7
2021 281  1 40   308.0
2021 281  1 45   308.6
2021 281  1 50   308.1
2021 281  1 55   306.2
2021 281  2  0   305.4
2021 281  2  5   306.1
2021 281  2 10   310.3
2021 281  2 15   309.9
2021 281  2 20   310.7
2021 281  2 25   310.6
2021 281  2 30   311.5
2021 281  2 35   309.8
2021 281  2 40   311.4
2021 281  2 45   309.9
2021 281  2 50   309.8
2021 281  2 55   310.0
2021 281  3  0   308.7
2021 281  3  5   309.4
2021 281  3 10   310.3
2021 281  3 15   308.6
2021 281  3 20   310.9
2021 281  3 25   314.1
2021 281  3 30   313.2
2021 281  3 35 99999.9
2021 281  3 40   311.0
2021 281  3 45   313.8
2021 281  3 50   312.9
2021 281  3 55   313.6
2021 281  4  0   314.4
2021 281  4  5   309.5
2021 281  4 10   308.4
2021 281  4 15   303.4
2021 281  4 20   303.8
2021 281  4 25   301.6
2021 281  4 30   309.0
2021 281  4 35   308.5
2021 281  4 40   308.2
2021 281  4 45   308.0
2021 281  4 50   307.8
2021 281  4 55   305.6
2021 281  5  0   307.2
2021 281  5  5   308.7
2021 281  5 10   306.8
2021 281  5 15   308.0
2021 281  5 20   304.3
2021 281  5 25   307.2
2021 281  5 30   305.2
2021 281  5 35   304.3
2021 281  5 40   304.9
2021 281  5 45   304.5
2021 281  5 50   303.4
2021 281  5 55   303.0
2021 281  6  0   303.4
2021 281  6  5   303.2
2021 281  6 10   304.0
2021 281  6 15   302.3
2021 281  6 20   304.1
2021 281  6 25   304.7
2021 281  6 30   306.8
2021 281  6 35   306.5
2021 281  6 40   305.4
2021 281  6 45   304.8
2021 281  6 50   303.6
2021 281  6 55   305.9
2021 281  7  0   306.1
2021 281  7  5   305.4
2021 281  7 10   305.8
2021 281  7 15   305.9
2021 281  7 20   306.1
2021 281  7 25   307.5
2021 281  7 30   305.5
2021 281  7 35   307.7
2021 281  7 40   301.8
2021 281  7 45   296.2
2021 281  7 50   298.7
2021 281  7 55   297.4
2021 281  8  0   297.3
2021 281  8  5   299.3
2021 281  8 10   299.1
2021 281  8 15   300.2
2021 281  8 20   301.7
2021 281  8 25   300.4
2021 281  8 30   302.4
2021 281  8 35   300.9
2021 281  8 40   305.7
2021 281  8 45 99999.9
2021 281  8 50   309.4
2021 281  8 55 99999.9
2021 281  9  0   304.0
2021 281  9  5   301.7
2021 281  9 10   302.9
2021 281  9 15   301.1
2021 281  9 20   300.0
2021 281  9 25   302.8
2021 281  9 30   303.3
2021 281  9 35   299.9
2021 281  9 40   299.1
2021 281  9 45   290.6
2021 281  9 50   288.6
2021 281  9 55   286.0
2021 281 10  0   286.3
2021 281 10  5   287.6
2021 281 10 10   287.7
2021 281 10 15   288.7
2021 281 10 20   291.0
2021 281 10 25   292.2
2021 281 10 30   291.2
2021 281 10 35   290.4
2021 281 10 40   289.0
2021 281 10 45   291.1
2021 281 10 50   293.8
2021 281 10 55   294.9
2021 281 11  0   295.6
2021 281 11  5   294.3
2021 281 11 10   294.9
2021 281 11 15   292.5
2021 281 11 20   296.5
2021 281 11 25   295.8
2021 281 11 30   295.8
2021 281 11 35   295.9
2021 281 11 40   293.0
2021 281 11 45   293.8
2021 281 11 50   293.5
2021 281 11 55   294.5
2021 281 12  0   291.9
2021 281 12  5   292.5
2021 281 12 10   292.5
2021 281 12 15   292.6
2021 281 12 20   292.2
2021 281 12 25   291.5
2021 281 12 30   291.6
2021 281 12 35   291.6
2021 281 12 40   294.3
2021 281 12 45   294.1
2021 281 12 50   295.5
2021 281 12 55   293.7
2021 281 13  0   293.4
2021 281 13  5   287.1
2021 281 13 10   287.3
2021 281 13 15   287.9
2021 281 13 20   283.4
2021 281 13 25   287.7
2021 281 13 30   287.1
2021 281 13 35   289.5
2021 281 13 40   290.7
2021 281 13 45   292.2
2021 281 13 50   293.1
2021 281 13 55   293.7
2021 281 14  0   298.0
2021 281 14  5   294.4
2021 281 14 10   293.1
2021 281 14 15   296.8
2021 281 14 20   295.4
2021 281 14 25   295.8
2021 281 14 30   296.1
2021 281 14 35   295.6
2021 281 14 40   296.1
2021 281 14 45   295.6
2021 281 14 50   296.5
2021 281 14 55   297.0
2021 281 15  0   297.8
2021 281 15  5   299.3
2021 281 15 10   297.0
2021 281 15 15   295.8
2021 281 15 20   296.9
2021 281 15 25   297.0
2021 281 15 30   297.0
2021 281 15 35   297.6
2021 281 15 40   297.4
2021 281 15 45   295.9
2021 281 15 50   294.1
2021 281 15 55   293.0
2021 281 16  0   292.0
2021 281 16  5   294.1
2021 281 16 10   296.1
2021 281 16 15   294.6
2021 281 16 20   294.1
2021 281 16 25   293.4
2021 281 16 30   292.5
2021 281 16 35   291.4
2021 281 16 40   293.2
2021 281 16 45   292.7
2021 281 16 50   290.5
2021 281 16 55   287.7
2021 281 17  0   286.8
2021 281 17  5   287.8
2021 281 17 10   288.1
2021 281 17 15   288.7
2021 281 17 20   288.7
2021 281 17 25   287.7
2021 281 17 30   287.5
2021 281 17 35   286.0
2021 281 17 40   284.2
2021 281 17 45   283.6
2021 281 17 50   287.6
2021 281 17 55   287.4
2021 281 18  0   286.7
2021 281 18  5   288.4
2021 281 18 10   288.9
2021 281 18 15   288.9
2021 281 18 20 99999.9
2021 281 18 25   286.9
2021 281 18 30   290.1
2021 281 18 35   289.4
2021 281 18 40   289.6
2021 281 18 45   288.7
2021 281 18 50   289.4
2021 281 18 55   291.7
2021 281 19  0   290.8
2021 281 19  5   291.3
2021 281 19 10   288.7
2021 281 19 15   290.1
2021 281 19 20   288.5
2021 281 19 25   286.7
2021 281 19 30   287.1
2021 281 19 35   287.8
2021 281 19 40   288.3
2021 281 19 45   287.9
2021 281 19 50   286.4
2021 281 19 55   285.8
2021 281 20  0   287.4
2021 281 20  5   292.0
2021 281 20 10   292.4
2021 281 20 15   292.3
2021 281 20 20   292.0
2021 281 20 25   291.8
2021 281 20 30   290.2
2021 281 20 35   291.6
2021 281 20 40   291.1
2021 281 20 45   292.2
2021 281 20 50   292.0
2021 281 20 55   290.7
2021 281 21  0   290.0
2021 281 21  5   290.3
2021 281 21 10   288.4
2021 281 21 15   289.0
2021 281 21 20   286.0
2021 281 21 25   284.6
2021 281 21 30   285.2
2021 281 21 35   286.4
2021 281 21 40   284.6
2021 281 21 45   285.6
2021 281 21 50   284.6
2021 281 21 55   281.5
2021 281 22  0   282.0
2021 281 22  5   282.5
2021 281 22 10   285.1
2021 281 22 15   290.3
2021 281 22 20   289.7
2021 281 22 25   290.2
2021 281 22 30   292.3
2021 281 22 35   291.2
2021 281 22 40   290.3
2021 281 22 45   290.9
2021 281 22 50   289.7
2021 281 22 55   290.2
2021 281 23  0   290.5
2021 281 23  5   289.3
2021 281 23 10   288.9
2021 281 23 15   291.6
2021 281 23 20   292.6
2021 281 23 25   290.3
2021 281 23 30   288.6
2021 281 23 35   287.8
2021 281 23 40   285.1
2021 281 23 45   284.6
2021 281 23 50   286.3
2021 281 23 55   294.8
2021 282  0  0   295.5
2021 282  0  5   294.0
2021 282  0 10   296.1
2021 282  0 15   292.8
2021 282  0 20   292.1
2021 282  0 25   291.5
2021 282  0 30   291.1
2021 282  0 35   291.3
2021 282  0 40   291.4
2021 282  0 45   291.9
2021 282  0 50   291.6
2021 282  0 55   291.9
2021 282  1  0   292.5
2021 282  1  5   293.2
2021 282  1 10   292.0
2021 282  1 15   293.5
2021 282  1 20   291.3
2021 282  1 25   291.6
2021 282  1 30   296.1
2021 282  1 35   295.8
2021 282  1 40   291.8
2021 282  1 45   295.6
2021 282  1 50   289.5
2021 282  1 55   296.0
2021 282  2  0   296.9
2021 282  2  5 99999.9
2021 282  2 10   295.1
2021 282  2 15   292.9
2021 282  2 20   289.6
2021 282  2 25   295.8
2021 282  2 30   292.1
2021 282  2 35   293.7
2021 282  2 40   300.6
2021 282  2 45   293.6
2021 282  2 50 99999.9
2021 282  2 55   294.1
2021 282  3  0 99999.9
2021 282  3  5   292.9
2021 282  3 10   292.5
2021 282  3 15   288.1
2021 282  3 20   286.5
2021 282  3 25   287.3
2021 282  3 30   286.7
2021 282  3 35   287.8
2021 282  3 40   286.6
2021 282  3 45   286.5
2021 282  3 50   287.0
2021 282  3 55   289.5
2021 282  4  0   287.3
2021 282  4  5   288.2
2021 282  4 10   289.1
2021 282  4 15   286.3
2021 282  4 20 99999.9
2021 282  4 25   285.7
2021 282  4 30   285.9
2021 282  4 35   285.5
2021 282  4 40   285.5
2021 282  4 45   287.0
2021 282  4 50   285.4
2021 282  4 55   284.6
2021 282  5  0   285.4
2021 282  5  5   284.2
2021 282  5 10   284.7
2021 282  5 15   285.8
2021 282  5 20   285.9
2021 282  5 25   290.3
2021 282  5 30   288.1
2021 282  5 35   292.0
2021 282  5 40   291.2
2021 282  5 45   291.8
2021 282  5 50   287.8
2021 282  5 55   286.4
2021 282  6  0   293.8
2021 282  6  5   296.8
2021 282  6 10   297.4
2021 282  6 15   295.5
2021 282  6 20   295.8
2021 282  6 25   296.0
2021 282  6 30   297.1
2021 282  6 35   297.2
2021 282  6 40   297.6
2021 282  6 45   297.3
2021 282  6 50   297.5
2021 282  6 55   297.5
2021 282  7  0   296.3
2021 282  7  5   297.1
2021 282  7 10   297.6
2021 282  7 15   296.9
2021 282  7 20   297.2
2021 282  7 25   297.9
2021 282  7 30   297.8
2021 282  7 35   297.7
2021 282  7 40   297.4
2021 282  7 45   299.5
2021 282  7 50   299.4
2021 282  7 55   298.0
2021 282  8  0   295.3
2021 282  8  5   295.2
2021 282  8 10   294.1
2021 282  8 15   294.0
2021 282  8 20   293.4
2021 282  8 25   293.7
2021 282  8 30   289.3
2021 282  8 35   290.5
2021 282  8 40   291.8
2021 282  8 45   289.7
2021 282  8 50   289.4
2021 282  8 55   287.8
2021 282  9  0   284.4
2021 282  9  5   286.8
2021 282  9 10   289.6
2021 282  9 15   287.0
2021 282  9 20   285.5
2021 282  9 25   283.4
2021 282  9 30   283.1
2021 282  9 35   280.0
2021 282  9 40   277.2
2021 282  9 45   274.0
2021 282  9 50   274.3
2021 282  9 55   271.9
2021 282 10  0   270.2
2021 282 10  5   269.7
2021 282 10 10   268.4
2021 282 10 15   269.1
2021 282 10 20   267.7
2021 282 10 25   268.4
2021 282 10 30   269.4
2021 282 10 35   270.6
2021 282 10 40   272.2
2021 282 10 45   272.2
2021 282 10 50   273.9
2021 282 10 55   272.5
2021 282 11  0   271.5
2021 282 11  5   275.6
2021 282 11 10   278.0
2021 282 11 15   286.7
2021 282 11 20   288.0
2021 282 11 25   288.8
2021 282 11 30   290.3
2021 282 11 35   290.6
2021 282 11 40   294.8
2021 282 11 45   288.0
2021 282 11 50   296.5
2021 282 11 55   309.8
2021 282 12  0   304.0
2021 282 12  5   300.6
2021 282 12 10   294.5
2021 282 12 15   283.8
2021 282 12 20 99999.9
2021 282 12 25   274.2
2021 282 12 30   277.6
2021 282 12 35   274.5
2021 282 12 40   287.9
2021 282 12 45   292.8
2021 282 12 50   306.7
2021 282 12 55   302.5
2021 282 13  0   289.7
2021 282 13  5   289.1
2021 282 13 10   290.4
2021 282 13 15   289.1
2021 282 13 20   290.6
2021 282 13 25   294.6
2021 282 13 30   298.2
2021 282 13 35   296.8
2021 282 13 40   298.8
2021 282 13 45   297.5
2021 282 13 50   297.1
2021 282 13 55   295.9
2021 282 14  0   293.7
2021 282 14  5   291.7
2021 282 14 10   290.9
2021 282 14 15   293.3
2021 282 14 20   298.5
2021 282 14 25   299.8
2021 282 14 30   299.9
2021 282 14 35   299.8
2021 282 14 40   299.9
2021 282 14 45   300.2
2021 282 14 50   299.5
2021 282 14 55   299.9
2021 282 15  0   297.4
2021 282 15  5   295.5
2021 282 15 10   297.5
2021 282 15 15   304.5
2021 282 15 20   303.6
2021 282 15 25   300.1
2021 282 15 30   300.1
2021 282 15 35   300.5
2021 282 15 40   301.0
2021 282 15 45   300.5
2021 282 15 50   300.6
2021 282 15 55   301.3
2021 282 16  0   300.7
2021 282 16  5   298.6
2021 282 16 10   299.5
2021 282 16 15   298.9
2021 282 16 20   299.6
2021 282 16 25   298.9
2021 282 16 30   298.4
2021 282 16 35   298.8
2021 282 16 40   297.6
2021 282 16 45   298.9
2021 282 16 50   298.6
2021 282 16 55   297.4
2021 282 17  0   298.6
2021 282 17  5   298.1
2021 282 17 10   298.1
2021 282 17 15   302.3
2021 282 17 20   303.4
2021 282 17 25   302.8
2021 282 17 30   298.9
2021 282 17 35   295.1
2021 282 17 40   294.1
2021 282 17 45   297.7
2021 282 17 50 99999.9
2021 282 17 55   297.4
2021 282 18  0   297.9
2021 282 18  5   297.6
2021 282 18 10   296.5
2021 282 18 15   297.1
2021 282 18 20   297.8
2021 282 18 25   296.9
2021 282 18 30   296.7
2021 282 18 35   295.8
2021 282 18 40   295.8
2021 282 18 45 99999.9
2021 282 18 50 99999.9
2021 282 18 55   296.7
2021 282 19  0   296.6
2021 282 19  5   296.6
2021 282 19 10   296.3
2021 282 19 15   296.2
2021 282 19 20   296.3
2021 282 19 25   296.4
2021 282 19 30   296.2
2021 282 19 35   295.6
2021 282 19 40   296.9
2021 282 19 45   298.7
2021 282 19 50   297.9
2021 282 19 55   297.7
2021 282 20  0   297.5
2021 282 20  5   297.3
2021 282 20 10   297.3
2021 282 20 15   297.6
2021 282 20 20   298.1
2021 282 20 25   296.8
2021 282 20 30   296.9
2021 282 20 35   297.0
2021 282 20 40   295.2
2021 282 20 45   295.8
2021 282 20 50   296.9
2021 282 20 55   296.6
2021 282 21  0   295.9
2021 282 21  5   296.9
2021 282 21 10   297.9
2021 282 21 15   296.8
2021 282 21 20   296.4
2021 282 21 25   295.2
2021 282 21 30   294.0
2021 282 21 35   296.6
2021 282 21 40   296.9
2021 282 21 45   297.9
2021 282 21 50   297.4
2021 282 21 55   297.2
2021 282 22  0   298.2
2021 282 22  5   299.2
2021 282 22 10   300.2
2021 282 22 15   300.4
2021 282 22 20   299.3
2021 282 22 25   300.0
2021 282 22 30   299.3
2021 282 22 35   300.3
2021 282 22 40   300.0
2021 282 22 45   302.5
2021 282 22 50   297.7
2021 282 22 55   297.0
2021 282 23  0   294.4
2021 282 23  5   293.0
2021 282 23 10   294.1
2021 282 23 15   296.6
2021 282 23 20   301.8
2021 282 23 25   305.4
2021 282 23 30   304.2
2021 282 23 35   303.1
2021 282 23 40   301.0
2021 282 23 45   300.2
2021 282 23 50   299.1
2021 282 23 55   299.1
2021 283  0  0   300.6
2021 283  0  5   300.4
2021 283  0 10   301.2
2021 283  0 15   300.8
2021 283  0 20   301.6
2021 283  0 25   300.6
2021 283  0 30   300.1
2021 283  0 35   300.5
2021 283  0 40   300.9
2021 283  0 45   299.9
2021 283  0 50   300.5
2021 283  0 55   300.9
2021 283  1  0   301.3
2021 283  1  5   300.7
2021 283  1 10   300.2
2021 283  1 15   298.9
2021 283  1 20   300.0
2021 283  1 25   303.3
2021 283  1 30   301.2
2021 283  1 35   300.7
2021 283  1 40   299.4
2021 283  1 45   299.8
2021 283  1 50   300.5
2021 283  1 55   301.7
2021 283  2  0   301.6
2021 283  2  5   301.8
2021 283  2 10   302.1
2021 283  2 15   303.9
2021 283  2 20   304.8
2021 283  2 25   303.2
2021 283  2 30   302.7
2021 283  2 35   303.0
2021 283  2 40   303.3
2021 283  2 45   304.1
2021 283  2 50   303.7
2021 283  2 55 99999.9
2021 283  3  0   303.4
2021 283  3  5   303.0
2021 283  3 10   302.7
2021 283  3 15   301.8
2021 283  3 20   302.9
2021 283  3 25   302.6
2021 283  3 30   301.8
2021 283  3 35   302.0
2021 283  3 40 99999.9
2021 283  3 45   305.4
2021 283  3 50   305.4
2021 283  3 55   311.4
2021 283  4  0   310.3
2021 283  4  5   308.1
2021 283  4 10   305.4
2021 283  4 15   305.4
2021 283  4 20   304.1
2021 283  4 25   303.7
2021 283  4 30   303.2
2021 283  4 35   304.1
2021 283  4 40   304.9
2021 283  4 45   304.5
2021 283  4 50   304.5
2021 283  4 55   302.4
2021 283  5  0 99999.9
2021 283  5  5 99999.9
2021 283  5 10   305.7
2021 283  5 15   305.7
2021 283  5 20   302.9
2021 283  5 25   301.8
2021 283  5 30   297.7
2021 283  5 35   298.1
2021 283  5 40   292.7
2021 283  5 45   297.3
2021 283  5 50   302.7
2021 283  5 55   305.5
2021 283  6  0   303.7
2021 283  6  5   301.2
2021 283  6 10   302.5
2021 283  6 15   301.3
2021 283  6 20   308.3
2021 283  6 25   314.2
2021 283  6 30   321.2
2021 283  6 35   320.8
2021 283  6 40   319.1
2021 283  6 45   317.3
2021 283  6 50   316.5
2021 283  6 55   316.2
2021 283  7  0 99999.9
2021 283  7  5   315.1
2021 283  7 10 99999.9
2021 283  7 15   315.8
2021 283  7 20   315.8
2021 283  7 25 99999.9
2021 283  7 30   317.0
2021 283  7 35 99999.9
2021 283  7 40   314.4
2021 283  7 45   314.4
2021 283  7 50   311.7
2021 283  7 55   311.9
2021 283  8  0   309.3
2021 283  8  5   305.1
2021 283  8 10   308.4
2021 283  8 15   305.3
2021 283  8 20   306.7
2021 283  8 25   302.4
2021 283  8 30   307.9
2021 283  8 35   305.5
2021 283  8 40   311.4
2021 283  8 45   305.3
2021 283  8 50   300.8
2021 283  8 55   300.0
2021 283  9  0   300.5
2021 283  9  5   299.0
2021 283  9 10   301.7
2021 283  9 15   302.1
2021 283  9 20   302.6
2021 283  9 25   302.2
2021 283  9 30   298.9
2021 283  9 35   297.5
2021 283  9 40   299.5
2021 283  9 45   299.2
2021 283  9 50 99999.9
2021 283  9 55   298.9
2021 283 10  0   298.5
2021 283 10  5   297.5
2021 283 10 10   299.8
2021 283 10 15   299.9
2021 283 10 20   300.1
2021 283 10 25   300.5
2021 283 10 30   301.1
2021 283 10 35   301.7
2021 283 10 40   301.4
2021 283 10 45   302.0
2021 283 10 50   300.6
2021 283 10 55   301.4
2021 283 11  0   301.1
2021 283 11  5   302.9
2021 283 11 10   303.2
2021 283 11 15   301.1
2021 283 11 20   298.9
2021 283 11 25   299.4
2021 283 11 30   299.3
2021 283 11 35   300.1
2021 283 11 40   300.1
2021 283 11 45 99999.9
2021 283 11 50   299.9
2021 283 11 55   301.2
2021 283 12  0   301.0
2021 283 12  5   301.2
2021 283 12 10 99999.9
2021 283 12 15   300.5
2021 283 12 20   300.5
2021 283 12 25 99999.9
2021 283 12 30 99999.9
2021 283 12 35 99999.9
2021 283 12 40   299.8
2021 283 12 45 99999.9
2021 283 12 50 99999.9
2021 283 12 55   300.1
2021 283 13  0   300.0
2021 283 13  5   298.3
2021 283 13 10   299.6
2021 283 13 15   300.0
2021 283 13 20   299.0
2021 283 13 25   298.6
2021 283 13 30   297.4
2021 283 13 35   299.4
2021 283 13 40   299.0
2021 283 13 45   299.0
2021 283 13 50   299.9
2021 283 13 55   300.4
2021 283 14  0   299.7
2021 283 14  5   296.2
2021 283 14 10   298.7
2021 283 14 15   299.3
2021 283 14 20   301.8
2021 283 14 25   304.3
2021 283 14 30   307.7
2021 283 14 35   308.9
2021 283 14 40   309.3
2021 283 14 45   310.0
2021 283 14 50   310.2
2021 283 14 55   311.9
2021 283 15  0   311.7
2021 283 15  5   312.4
2021 283 15 10   313.1
2021 283 15 15   311.7
2021 283 15 20   313.9
2021 283 15 25   311.4
2021 283 15 30   314.5
2021 283 15 35   315.3
2021 283 15 40   316.7
2021 283 15 45   315.2
2021 283 15 50   315.0
2021 283 15 55   315.2
2021 283 16  0   312.0
2021 283 16  5   310.6
2021 283 16 10   310.8
2021 283 16 15   313.8
2021 283 16 20   321.5
2021 283 16 25   320.5
2021 283 16 30   308.6
2021 283 16 35   310.3
2021 283 16 40   309.8
2021 283 16 45   309.3
2021 283 16 50   310.2
2021 283 16 55   309.2
2021 283 17  0   308.0
2021 283 17  5   306.0
2021 283 17 10   306.9
2021 283 17 15   306.0
2021 283 17 20   305.1
2021 283 17 25   306.5
2021 283 17 30   306.4
2021 283 17 35   306.5
2021 283 17 40   306.7
2021 283 17 45   307.8
2021 283 17 50   306.3
2021 283 17 55   304.9
2021 283 18  0   304.0
2021 283 18  5   304.4
2021 283 18 10   303.7
2021 283 18 15   304.6
2021 283 18 20   303.4
2021 283 18 25   309.5
2021 283 18 30   310.5
2021 283 18 35   310.7
2021 283 18 40   311.5
2021 283 18 45   310.7
2021 283 18 50   310.8
2021 283 18 55   312.7
2021 283 19  0   312.9
2021 283 19  5   311.8
2021 283 19 10   310.7
2021 283 19 15   312.0
2021 283 19 20   311.5
2021 283 19 25   311.3
2021 283 19 30   312.4
2021 283 19 35   310.9
2021 283 19 40   313.1
2021 283 19 45   315.7
2021 283 19 50   316.1
2021 283 19 55   314.1
2021 283 20  0   313.3
2021 283 20  5   310.9
2021 283 20 10   323.0
2021 283 20 15   318.5
2021 283 20 20   317.4
2021 283 20 25   319.4
2021 283 20 30   322.3
2021 283 20 35   321.9
2021 283 20 40   323.3
2021 283 20 45   322.9
2021 283 20 50   332.0
2021 283 20 55   333.7
2021 283 21  0   333.9
2021 283 21  5   332.2
2021 283 21 10   332.7
2021 283 21 15   332.2
2021 283 21 20   331.8
2021 283 21 25   333.1
2021 283 21 30   332.5
2021 283 21 35   335.2
2021 283 21 40   334.9
2021 283 21 45   332.1
2021 283 21 50   327.1
2021 283 21 55   326.7
2021 283 22  0   324.8
2021 283 22  5   324.0
2021 283 22 10   322.0
2021 283 22 15   324.2
2021 283 22 20   324.8
2021 283 22 25   327.2
2021 283 22 30   331.7
2021 283 22 35   334.0
2021 283 22 40   323.2
2021 283 22 45   322.5
2021 283 22 50   328.9
2021 283 22 55   329.1
2021 283 23  0   330.8
2021 283 23  5   327.2
2021 283 23 10   327.0
2021 283 23 15   323.9
2021 283 23 20   325.9
2021 283 23 25   323.2
2021 283 23 30   320.1
2021 283 23 35   320.5
2021 283 23 40   324.7
2021 283 23 45   326.5
2021 283 23 50   319.2
2021 283 23 55   322.1
2021 284  0  0   326.1
2021 284  0  5   324.1
2021 284  0 10   321.3
2021 284  0 15   319.3
2021 284  0 20   321.0
2021 284  0 25   319.8
2021 284  0 30   324.5
2021 284  0 35   334.6
2021 284  0 40   338.4
2021 284  0 45   336.4
2021 284  0 50   339.2
2021 284  0 55   338.8
2021 284  1  0   337.2
2021 284  1  5   334.1
2021 284  1 10   335.2
2021 284  1 15   336.3
2021 284  1 20   338.6
2021 284  1 25   338.6
2021 284  1 30   339.3
2021 284  1 35   332.8
2021 284  1 40   331.4
2021 284  1 45   332.7
2021 284  1 50   331.5
2021 284  1 55   332.2
2021 284  2  0   332.7
2021 284  2  5   333.4
2021 284  2 10   331.6
2021 284  2 15   334.6
2021 284  2 20   336.3
2021 284  2 25   343.0
2021 284  2 30   348.2
2021 284  2 35   346.4
2021 284  2 40   344.4
2021 284  2 45   340.5
2021 284  2 50   340.3
2021 284  2 55   340.4
2021 284  3  0   338.3
2021 284  3  5   337.0
2021 284  3 10   338.9
2021 284  3 15   342.0
2021 284  3 20   350.9
2021 284  3 25   353.3
2021 284  3 30   344.2
2021 284  3 35   344.1
2021 284  3 40   346.7
2021 284  3 45   347.6
2021 284  3 50   348.5
2021 284  3 55   350.8
2021 284  4  0   354.8
2021 284  4  5   363.1
2021 284  4 10   379.9
2021 284  4 15   373.0
2021 284  4 20   374.9
2021 284  4 25   373.0
2021 284  4 30   364.9
2021 284  4 35   367.3
2021 284  4 40   365.9
2021 284  4 45   360.6
2021 284  4 50   364.0
2021 284  4 55   366.1
2021 284  5  0   368.9
2021 284  5  5   373.6
2021 284  5 10   378.0
2021 284  5 15   381.7
2021 284  5 20   382.4
2021 284  5 25   382.9
2021 284  5 30   382.3
2021 284  5 35   379.4
2021 284  5 40   385.3
2021 284  5 45   388.7
2021 284  5 50   386.7
2021 284  5 55   384.4
2021 284  6  0   379.3
2021 284  6  5   376.1
2021 284  6 10   382.7
2021 284  6 15   381.6
2021 284  6 20   384.6
2021 284  6 25   387.3
2021 284  6 30   385.2
2021 284  6 35   392.5
2021 284  6 40   390.6
2021 284  6 45   387.8
2021 284  6 50   391.7
2021 284  6 55   391.8
2021 284  7  0   389.4
2021 284  7  5   386.8
2021 284  7 10   387.7
2021 284  7 15   379.2
2021 284  7 20   371.4
2021 284  7 25 99999.9
2021 284  7 30   388.0
2021 284  7 35   369.4
2021 284  7 40   360.1
2021 284  7 45   374.9
2021 284  7 50   379.5
2021 284  7 55   377.6
2021 284  8  0   379.5
2021 284  8  5   380.6
2021 284  8 10   375.7
2021 284  8 15   383.8
2021 284  8 20   384.5
2021 284  8 25   383.1
2021 284  8 30   387.5
2021 284  8 35   390.7
2021 284  8 40   387.6
2021 284  8 45   390.9
2021 284  8 50   406.1
2021 284  8 55   405.2
2021 284  9  0   407.6
2021 284  9  5   391.3
2021 284  9 10   396.4
2021 284  9 15   409.0
2021 284  9 20   412.0
2021 284  9 25   388.1
2021 284  9 30   398.0
2021 284  9 35   398.7
2021 284  9 40   398.4
2021 284  9 45   397.8
2021 284  9 50   388.2
2021 284  9 55   374.6
2021 284 10  0   374.6
2021 284 10  5   375.6
2021 284 10 10   380.2
2021 284 10 15   373.4
2021 284 10 20   372.2
2021 284 10 25   371.8
2021 284 10 30   380.3
2021 284 10 35   369.9
2021 284 10 40   395.8
2021 284 10 45   385.7
2021 284 10 50 99999.9
2021 284 10 55   399.2
2021 284 11  0   388.8
2021 284 11  5   394.0
2021 284 11 10   390.5
2021 284 11 15   385.8
2021 284 11 20   388.2
2021 284 11 25   388.5
2021 284 11 30   390.8
2021 284 11 35   389.9
2021 284 11 40   394.3
2021 284 11 45   393.6
2021 284 11 50   399.1
2021 284 11 55   392.8
2021 284 12  0   392.1
2021 284 12  5   394.2
2021 284 12 10   392.5
2021 284 12 15   392.9
2021 284 12 20   392.7
2021 284 12 25   393.9
2021 284 12 30   395.2
2021 284 12 35   397.0
2021 284 12 40   395.3
2021 284 12 45   391.3
2021 284 12 50   391.4
2021 284 12 55   393.1
2021 284 13  0   392.3
2021 284 13  5   390.4
2021 284 13 10   390.3
2021 284 13 15   391.3
2021 284 13 20   392.2
2021 284 13 25   390.9
2021 284 13 30   390.2
2021 284 13 35   391.7
2021 284 13 40   389.7
2021 284 13 45   393.8
2021 284 13 50   383.9
2021 284 13 55   382.9
2021 284 14  0   384.6
2021 284 14  5   387.0
2021 284 14 10   397.4
2021 284 14 15   383.8
2021 284 14 20   381.4
2021 284 14 25   382.2
2021 284 14 30   384.8
2021 284 14 35   383.9
2021 284 14 40 99999.9
2021 284 14 45   386.8
2021 284 14 50   382.6
2021 284 14 55   384.9
2021 284 15  0   386.0
2021 284 15  5   386.0
2021 284 15 10   374.1
2021 284 15 15   376.5
2021 284 15 20   383.2
2021 284 15 25   382.7
2021 284 15 30   386.6
2021 284 15 35   379.9
2021 284 15 40   384.5
2021 284 15 45   383.6
2021 284 15 50   380.6
2021 284 15 55 99999.9
2021 284 16  0 99999.9
2021 284 16  5   381.9
2021 284 16 10   375.8
2021 284 16 15   369.4
2021 284 16 20   367.5
2021 284 16 25   369.7
2021 284 16 30   367.2
2021 284 16 35   366.9
2021 284 16 40   367.7
2021 284 16 45   370.1
2021 284 16 50   368.5
2021 284 16 55   367.1
2021 284 17  0   363.9
2021 284 17  5   372.6
2021 284 17 10   371.0
2021 284 17 15   386.2
2021 284 17 20   374.0
2021 284 17 25   366.5
2021 284 17 30   361.5
2021 284 17 35   388.3
2021 284 17 40 99999.9
2021 284 17 45   377.5
2021 284 17 50   382.3
2021 284 17 55   378.2
2021 284 18  0   380.6
2021 284 18  5   377.0
2021 284 18 10   376.7
2021 284 18 15   379.4
2021 284 18 20   375.9
2021 284 18 25   374.4
2021 284 18 30   374.9
2021 284 18 35   376.6
2021 284 18 40   375.6
2021 284 18 45   378.5
2021 284 18 50   373.5
2021 284 18 55   372.5
2021 284 19  0   379.4
2021 284 19  5   376.7
2021 284 19 10   375.7
2021 284 19 15   378.4
2021 284 19 20   381.7
2021 284 19 25   378.1
2021 284 19 30   377.1
2021 284 19 35   373.0
2021 284 19 40   372.9
2021 284 19 45   374.9
2021 284 19 50   375.8
2021 284 19 55 99999.9
2021 284 20  0   377.2
2021 284 20  5   376.3
2021 284 20 10   375.8
2021 284 20 15   374.2
2021 284 20 20   369.0
2021 284 20 25   371.4
2021 284 20 30   373.6
2021 284 20 35   373.8
2021 284 20 40   374.4
2021 284 20 45   373.3
2021 284 20 50   373.0
2021 284 20 55   373.2
2021 284 21  0   375.8
2021 284 21  5   376.0
2021 284 21 10   373.0
2021 284 21 15   374.5
2021 284 21 20   373.7
2021 284 21 25   372.0
2021 284 21 30   376.6
2021 284 21 35   375.5
2021 284 21 40   372.9
2021 284 21 45   372.9
2021 284 21 50   372.0
2021 284 21 55   371.4
2021 284 22  0   369.0
2021 284 22  5   370.6
2021 284 22 10   372.2
2021 284 22 15   370.4
2021 284 22 20   369.3
2021 284 22 25   371.3
2021 284 22 30   371.8
2021 284 22 35   371.9
2021 284 22 40   370.9
2021 284 22 45   371.9
2021 284 22 50   370.9
2021 284 22 55   369.9
2021 284 23  0   370.7
2021 284 23  5   367.8
2021 284 23 10   370.1
2021 284 23 15   370.0
2021 284 23 20 99999.9
2021 284 23 25   371.0
2021 284 23 30   366.8
2021 284 23 35   363.4
2021 284 23 40   364.6
2021 284 23 45   369.5
2021 284 23 50   366.4
2021 284 23 55   367.0
2021 285  0  0   366.0
2021 285  0  5   364.5
2021 285  0 10   364.8
2021 285  0 15   363.8
2021 285  0 20   363.5
2021 285  0 25   362.0
2021 285  0 30   362.9
2021 285  0 35   362.6
2021 285  0 40   364.7
2021 285  0 45   367.0
2021 285  0 50   364.4
2021 285  0 55   365.5
2021 285  1  0   364.8
2021 285  1  5   366.1
2021 285  1 10   367.6
2021 285  1 15   368.5
2021 285  1 20   367.0
2021 285  1 25   368.9
2021 285  1 30   372.1
2021 285  1 35   371.0
2021 285  1 40   369.9
2021 285  1 45   367.0
2021 285  1 50   374.9
2021 285  1 55   370.4
2021 285  2  0   364.5
2021 285  2  5   363.0
2021 285  2 10   361.4
2021 285  2 15   360.3
2021 285  2 20 99999.9
2021 285  2 25 99999.9
2021 285  2 30 99999.9
2021 285  2 35   402.0
2021 285  2 40   472.1
2021 285  2 45   475.1
2021 285  2 50   452.1
2021 285  2 55   402.8
2021 285  3  0   434.7
2021 285  3  5   436.1
2021 285  3 10   430.9
2021 285  3 15   425.2
2021 285  3 20   433.8
2021 285  3 25   431.2
2021 285  3 30   425.7
2021 285  3 35   419.9
2021 285  3 40   415.6
2021 285  3 45   414.9
2021 285  3 50   433.3
2021 285  3 55   419.3
2021 285  4  0   430.8
2021 285  4  5   419.8
2021 285  4 10   426.0
2021 285  4 15   422.1
2021 285  4 20   417.0
2021 285  4 25   438.6
2021 285  4 30   449.1
2021 285  4 35   439.1
2021 285  4 40   444.0
2021 285  4 45   448.9
2021 285  4 50   451.8
2021 285  4 55   447.4
2021 285  5  0   446.3
2021 285  5  5   457.1
2021 285  5 10   451.9
2021 285  5 15   448.9
2021 285  5 20   450.6
2021 285  5 25   451.1
2021 285  5 30   452.4
2021 285  5 35   450.4
2021 285  5 40   461.6
2021 285  5 45   450.8
2021 285  5 50   453.0
2021 285  5 55   456.5
2021 285  6  0   456.7
2021 285  6  5   463.3
2021 285  6 10   464.8
2021 285  6 15   467.7
2021 285  6 20   467.5
2021 285  6 25   458.5
2021 285  6 30   449.8
2021 285  6 35   445.7
2021 285  6 40   448.3
2021 285  6 45   446.2
2021 285  6 50   454.7
2021 285  6 55   461.0
2021 285  7  0   459.9
2021 285  7  5   453.4
2021 285  7 10   451.6
2021 285  7 15   444.3
2021 285  7 20   447.2
2021 285  7 25   483.7
2021 285  7 30   479.3
2021 285  7 35   480.9
2021 285  7 40   496.9
2021 285  7 45   504.9
2021 285  7 50   502.4
2021 285  7 55   496.7
2021 285  8  0   483.3
2021 285  8  5   468.5
2021 285  8 10   467.2
2021 285  8 15   463.1
2021 285  8 20   463.8
2021 285  8 25   460.4
2021 285  8 30   456.2
2021 285  8 35   454.9
2021 285  8 40   457.0
2021 285  8 45   452.8
2021 285  8 50   453.5
2021 285  8 55   453.6
2021 285  9  0   451.1
2021 285  9  5   456.1
2021 285  9 10   453.8
2021 285  9 15   454.9
2021 285  9 20   452.9
2021 285  9 25   455.5
2021 285  9 30   459.3
2021 285  9 35   461.4
2021 285  9 40   461.5
2021 285  9 45   461.7
2021 285  9 50   457.6
2021 285  9 55   457.8
2021 285 10  0   458.3
2021 285 10  5   453.0
2021 285 10 10   452.0
2021 285 10 15   455.3
2021 285 10 20   456.0
2021 285 10 25   457.0
2021 285 10 30   458.4
2021 285 10 35   457.0
2021 285 10 40   455.9
2021 285 10 45   453.4
2021 285 10 50   453.0
2021 285 10 55   452.5
2021 285 11  0   449.4
2021 285 11  5   449.9
2021 285 11 10   453.1
2021 285 11 15   453.8
2021 285 11 20   451.3
2021 285 11 25   450.0
2021 285 11 30   450.4
2021 285 11 35   449.0
2021 285 11 40   449.0
2021 285 11 45   457.9
2021 285 11 50   455.1
2021 285 11 55   450.7
2021 285 12  0   448.9
2021 285 12  5   448.6
2021 285 12 10   453.9
2021 285 12 15   457.2
2021 285 12 20   455.6
2021 285 12 25   458.4
2021 285 12 30   447.7
2021 285 12 35   444.3
2021 285 12 40 99999.9
2021 285 12 45   445.5
2021 285 12 50   445.2
2021 285 12 55   444.9
2021 285 13  0   445.2
2021 285 13  5   444.0
2021 285 13 10   448.6
2021 285 13 15   456.5
2021 285 13 20 99999.9
2021 285 13 25   458.7
2021 285 13 30   459.0
2021 285 13 35   462.0
2021 285 13 40   466.6
2021 285 13 45 99999.9
2021 285 13 50   461.0
2021 285 13 55   460.2
2021 285 14  0   456.8
2021 285 14  5   454.8
2021 285 14 10   454.6
2021 285 14 15   456.9
2021 285 14 20   457.2
2021 285 14 25   456.9
2021 285 14 30   457.9
2021 285 14 35   459.8
2021 285 14 40   463.2
2021 285 14 45   467.4
2021 285 14 50   469.6
2021 285 14 55   468.4
2021 285 15  0   465.1
2021 285 15  5   467.8
2021 285 15 10   469.1
2021 285 15 15   473.4
2021 285 15 20   478.2
2021 285 15 25   475.7
2021 285 15 30   470.4
2021 285 15 35   474.4
2021 285 15 40   476.5
2021 285 15 45   481.5
2021 285 15 50   480.6
2021 285 15 55   485.8
2021 285 16  0   485.5
2021 285 16  5   485.7
2021 285 16 10   478.8
2021 285 16 15   492.0
2021 285 16 20   492.9
2021 285 16 25   494.0
2021 285 16 30   484.4
2021 285 16 35   485.7
2021 285 16 40   480.4
2021 285 16 45   480.5
2021 285 16 50   482.2
2021 285 16 55 99999.9
2021 285 17  0 99999.9
2021 285 17  5   483.9
2021 285 17 10   472.4
2021 285 17 15   472.7
2021 285 17 20   476.8
2021 285 17 25   475.9
2021 285 17 30   460.9
2021 285 17 35   458.5
2021 285 17 40   459.6
2021 285 17 45   459.9
2021 285 17 50   464.0
2021 285 17 55   467.9
2021 285 18  0   465.9
2021 285 18  5   463.5
2021 285 18 10 99999.9
2021 285 18 15   449.5
2021 285 18 20   438.4
2021 285 18 25   443.8
2021 285 18 30   452.0
2021 285 18 35   443.6
2021 285 18 40   443.8
2021 285 18 45   440.8
2021 285 18 50   427.7
2021 285 18 55   422.3
2021 285 19  0   453.6
2021 285 19  5   462.5
2021 285 19 10   478.8
2021 285 19 15   491.5
2021 285 19 20   470.5
2021 285 19 25   470.2
2021 285 19 30   469.7
2021 285 19 35   474.9
2021 285 19 40   469.8
2021 285 19 45   463.6
2021 285 19 50   466.1
2021 285 19 55   468.2
2021 285 20  0   461.4
2021 285 20  5   461.3
2021 285 20 10   460.4
2021 285 20 15   460.5
2021 285 20 20   462.7
2021 285 20 25   463.7
2021 285 20 30   464.2
2021 285 20 35   464.9
2021 285 20 40   466.0
2021 285 20 45   467.2
2021 285 20 50   462.8
2021 285 20 55   461.0
2021 285 21  0   458.9
2021 285 21  5   456.8
2021 285 21 10   455.0
2021 285 21 15 99999.9
2021 285 21 20   452.3
2021 285 21 25   453.1
2021 285 21 30   451.0
2021 285 21 35   452.1
2021 285 21 40   452.1
2021 285 21 45   451.8
2021 285 21 50   448.8
2021 285 21 55   443.5
2021 285 22  0   443.8
2021 285 22  5   445.4
2021 285 22 10   449.6
2021 285 22 15   441.5
2021 285 22 20   443.6
2021 285 22 25   449.8
2021 285 22 30   455.0
2021 285 22 35   460.4
2021 285 22 40   458.1
2021 285 22 45   461.0
2021 285 22 50   463.2
2021 285 22 55   470.9
2021 285 23  0   466.2
2021 285 23  5   457.0
2021 285 23 10   456.8
2021 285 23 15   458.2
2021 285 23 20   461.9
2021 285 23 25   461.7
2021 285 23 30   456.3
2021 285 23 35   455.0
2021 285 23 40   460.6
2021 285 23 45   459.1
2021 285 23 50   458.2
2021 285 23 55   456.9
2021 286  0  0   455.0
2021 286  0  5   455.1
2021 286  0 10   454.3
2021 286  0 15   453.2
2021 286  0 20   453.4
2021 286  0 25   454.4
2021 286  0 30   457.0
2021 286  0 35   456.3
2021 286  0 40   455.8
2021 286  0 45   457.1
2021 286  0 50   458.0
2021 286  0 55   457.8
2021 286  1  0   456.8
2021 286  1  5   457.0
2021 286  1 10   456.2
2021 286  1 15   453.1
2021 286  1 20   454.1
2021 286  1 25   453.5
2021 286  1 30   453.7
2021 286  1 35   452.6
2021 286  1 40   452.5
2021 286  1 45   452.6
2021 286  1 50   453.8
2021 286  1 55   454.7
2021 286  2  0   452.3
2021 286  2  5   451.4
2021 286  2 10   451.9
2021 286  2 15   451.0
2021 286  2 20   451.2
2021 286  2 25   449.5
2021 286  2 30   450.4
2021 286  2 35   452.6
2021 286  2 40   453.1
2021 286  2 45   452.2
2021 286  2 50   452.1
2021 286  2 55   457.0
2021 286  3  0   459.5
2021 286  3  5   454.2
2021 286  3 10   452.9
2021 286  3 15   448.9
2021 286  3 20   453.9
2021 286  3 25   455.8
2021 286  3 30   458.1
2021 286  3 35   454.0
2021 286  3 40   455.5
2021 286  3 45   454.0
2021 286  3 50   453.5
2021 286  3 55   454.5
2021 286  4  0   452.7
2021 286  4  5   451.5
2021 286  4 10   452.7
2021 286  4 15   450.2
2021 286  4 20   450.7
2021 286  4 25   450.9
2021 286  4 30   449.4
2021 286  4 35   449.6
2021 286  4 40   448.2
2021 286  4 45   444.4
2021 286  4 50   446.6
2021 286  4 55   447.8
2021 286  5  0   448.7
2021 286  5  5   445.9
2021 286  5 10   446.3
2021 286  5 15   446.4
2021 286  5 20   444.8
2021 286  5 25   441.0
2021 286  5 30   443.8
2021 286  5 35   444.6
2021 286  5 40   445.5
2021 286  5 45   446.1
2021 286  5 50   447.9
2021 286  5 55   446.4
2021 286  6  0   441.9
2021 286  6  5   444.8
2021 286  6 10   443.9
2021 286  6 15   445.4
2021 286  6 20   442.8
2021 286  6 25   443.1
2021 286  6 30   442.8
2021 286  6 35   443.4
2021 286  6 40   445.1
2021 286  6 45   442.3
2021 286  6 50   446.5
2021 286  6 55   442.4
2021 286  7  0   441.1
2021 286  7  5   440.6
2021 286  7 10   442.0
2021 286  7 15   440.9
2021 286  7 20   439.0
2021 286  7 25   439.3
2021 286  7 30   432.3
2021 286  7 35   434.4
2021 286  7 40   435.7
2021 286  7 45   441.2
2021 286  7 50   441.0
2021 286  7 55   440.9
2021 286  8  0   437.6
2021 286  8  5   437.1
2021 286  8 10   435.6
2021 286  8 15   436.5
2021 286  8 20   439.2
2021 286  8 25   440.2
2021 286  8 30   440.5
2021 286  8 35   439.6
2021 286  8 40   438.9
2021 286  8 45   437.1
2021 286  8 50   434.5
2021 286  8 55   433.2
2021 286  9  0   432.9
2021 286  9  5   432.2
2021 286  9 10   432.6
2021 286  9 15   432.3
2021 286  9 20   432.6
2021 286  9 25   432.2
2021 286  9 30   431.7
2021 286  9 35   431.4
2021 286  9 40   431.4
2021 286  9 45   431.1
2021 286  9 50   431.1
2021 286  9 55   429.9
2021 286 10  0   430.4
2021 286 10  5   428.9
2021 286 10 10   430.5
2021 286 10 15   425.3
2021 286 10 20   426.2
2021 286 10 25   430.5
2021 286 10 30   428.2
2021 286 10 35   427.7
2021 286 10 40   430.1
2021 286 10 45   429.0
2021 286 10 50   430.5
2021 286 10 55   426.7
2021 286 11  0   429.8
2021 286 11  5   428.6
2021 286 11 10   422.3
2021 286 11 15   420.4
2021 286 11 20   420.0
2021 286 11 25   419.2
2021 286 11 30   419.2
2021 286 11 35   418.8
2021 286 11 40   417.6
2021 286 11 45   418.4
2021 286 11 50   416.9
2021 286 11 55   416.9
2021 286 12  0   416.9
2021 286 12  5   417.5
2021 286 12 10   417.5
2021 286 12 15   417.5
2021 286 12 20   421.5
2021 286 12 25   422.3
2021 286 12 30   422.8
2021 286 12 35   417.6
2021 286 12 40   417.1
2021 286 12 45   420.7
2021 286 12 50   418.3
2021 286 12 55   410.5
2021 286 13  0   408.7
2021 286 13  5   412.8
2021 286 13 10   415.6
2021 286 13 15   416.3
2021 286 13 20   417.1
2021 286 13 25   417.9
2021 286 13 30   417.1
2021 286 13 35 99999.9
2021 286 13 40   417.7
2021 286 13 45   415.3
2021 286 13 50 99999.9
2021 286 13 55   416.0
2021 286 14  0   410.6
2021 286 14  5   405.4
2021 286 14 10   404.6
2021 286 14 15   411.3
2021 286 14 20   417.0
2021 286 14 25   416.2
2021 286 14 30   416.1
2021 286 14 35   415.2
2021 286 14 40   412.0
2021 286 14 45   412.4
2021 286 14 50   409.3
2021 286 14 55   407.0
2021 286 15  0   409.2
2021 286 15  5   408.1
2021 286 15 10   407.0
2021 286 15 15   406.8
2021 286 15 20   405.6
2021 286 15 25   405.6
2021 286 15 30   405.0
2021 286 15 35   405.7
2021 286 15 40   404.3
2021 286 15 45   404.4
2021 286 15 50   405.6
2021 286 15 55   405.1
2021 286 16  0   408.7
2021 286 16  5   407.2
2021 286 16 10   403.6
2021 286 16 15   402.9
2021 286 16 20   403.6
2021 286 16 25   403.4
2021 286 16 30   404.4
2021 286 16 35   406.6
2021 286 16 40   403.1
2021 286 16 45   403.1
2021 286 16 50   403.8
2021 286 16 55   406.4
2021 286 17  0   404.7
2021 286 17  5   402.9
2021 286 17 10   407.4
2021 286 17 15   407.4
2021 286 17 20   407.9
2021 286 17 25   408.0
2021 286 17 30   407.2
2021 286 17 35   408.2
2021 286 17 40   408.0
2021 286 17 45   403.3
2021 286 17 50   402.3
2021 286 17 55   402.3
2021 286 18  0   403.2
2021 286 18  5   402.1
2021 286 18 10   404.7
2021 286 18 15   405.3
2021 286 18 20   403.3
2021 286 18 25   403.7
2021 286 18 30   401.4
2021 286 18 35   402.3
2021 286 18 40   403.9
2021 286 18 45   402.4
2021 286 18 50   400.7
2021 286 18 55   403.4
2021 286 19  0   402.2
2021 286 19  5   403.1
2021 286 19 10   405.6
2021 286 19 15   408.2
2021 286 19 20   405.1
2021 286 19 25   405.8
2021 286 19 30   403.9
2021 286 19 35   402.9
2021 286 19 40   406.8
2021 286 19 45   405.1
2021 286 19 50   403.6
2021 286 19 55   400.8
2021 286 20  0   400.8
2021 286 20  5   401.4
2021 286 20 10   402.4
2021 286 20 15   405.2
2021 286 20 20   403.6
2021 286 20 25   403.1
2021 286 20 30   400.1
2021 286 20 35   399.5
2021 286 20 40   399.4
2021 286 20 45   400.9
2021 286 20 50   400.9
2021 286 20 55   397.5
2021 286 21  0   398.4
2021 286 21  5   398.8
2021 286 21 10   394.5
2021 286 21 15   397.1
2021 286 21 20   397.1
2021 286 21 25   398.1
2021 286 21 30   400.8
2021 286 21 35   401.5
2021 286 21 40   400.4
2021 286 21 45   399.3
2021 286 21 50   400.3
2021 286 21 55   398.8
2021 286 22  0   398.0
2021 286 22  5   398.9
2021 286 22 10   398.8
2021 286 22 15   399.0
2021 286 22 20   398.4
2021 286 22 25   398.3
2021 286 22 30   397.5
2021 286 22 35   395.5
2021 286 22 40   393.3
2021 286 22 45   390.9
2021 286 22 50   389.5
2021 286 22 55   388.4
2021 286 23  0   388.8
2021 286 23  5   389.0
2021 286 23 10   385.3
2021 286 23 15   382.7
2021 286 23 20   386.1
2021 286 23 25   384.1
2021 286 23 30   384.1
2021 286 23 35   385.4
2021 286 23 40   386.2
2021 286 23 45   384.3
2021 286 23 50   384.4
2021 286 23 55   383.6
2021 287  0  0   383.2
2021 287  0  5   382.9
2021 287  0 10   392.2
2021 287  0 15   405.9
2021 287  0 20   392.0
2021 287  0 25   402.5
2021 287  0 30   402.5
2021 287  0 35   400.8
2021 287  0 40   401.1
2021 287  0 45   396.0
2021 287  0 50   396.3
2021 287  0 55   396.4
2021 287  1  0   395.1
2021 287  1  5   392.9
2021 287  1 10   394.1
2021 287  1 15   392.5
2021 287  1 20   392.9
2021 287  1 25   392.6
2021 287  1 30 99999.9
2021 287  1 35   390.8
2021 287  1 40   392.1
2021 287  1 45   396.3
2021 287  1 50   397.8
2021 287  1 55   399.7
2021 287  2  0   398.6
2021 287  2  5   398.6
2021 287  2 10   396.5
2021 287  2 15   394.2
2021 287  2 20   394.0
2021 287  2 25   390.9
2021 287  2 30   392.6
2021 287  2 35   393.7
2021 287  2 40   392.0
2021 287  2 45   392.7
2021 287  2 50   397.4
2021 287  2 55   393.4
2021 287  3  0   396.6
2021 287  3  5   397.1
2021 287  3 10   396.1
2021 287  3 15   401.9
2021 287  3 20   402.6
2021 287  3 25   402.3
2021 287  3 30   398.6
2021 287  3 35   398.1
2021 287  3 40   396.5
2021 287  3 45   391.1
2021 287  3 50   393.8
2021 287  3 55   392.4
2021 287  4  0   391.8
2021 287  4  5   390.5
2021 287  4 10   393.3
2021 287  4 15   392.1
2021 287  4 20   392.5
2021 287  4 25   390.7
2021 287  4 30   393.7
2021 287  4 35   394.4
2021 287  4 40   401.2
2021 287  4 45   400.2
2021 287  4 50   400.5
2021 287  4 55   398.0
2021 287  5  0   395.6
2021 287  5  5   395.9
2021 287  5 10   396.2
2021 287  5 15   396.6
2021 287  5 20   397.3
2021 287  5 25   394.0
2021 287  5 30   395.2
2021 287  5 35   396.6
2021 287  5 40   396.2
2021 287  5 45   397.0
2021 287  5 50   397.0
2021 287  5 55   398.4
2021 287  6  0   400.3
2021 287  6  5   400.4
2021 287  6 10   400.3
2021 287  6 15   397.6
2021 287  6 20   398.0
2021 287  6 25   396.6
2021 287  6 30   399.7
2021 287  6 35   401.3
2021 287  6 40   393.9
2021 287  6 45   391.4
2021 287  6 50   403.7
2021 287  6 55   400.5
2021 287  7  0   393.8
2021 287  7  5   398.4
2021 287  7 10   400.6
2021 287  7 15   398.6
2021 287  7 20   393.6
2021 287  7 25 99999.9
2021 287  7 30 99999.9
2021 287  7 35   396.4
2021 287  7 40   393.3
2021 287  7 45   394.1
2021 287  7 50   391.6
2021 287  7 55   392.6
2021 287  8  0   392.4
2021 287  8  5   392.4
2021 287  8 10   391.7
2021 287  8 15   393.0
2021 287  8 20   391.9
2021 287  8 25   393.6
2021 287  8 30   392.6
2021 287  8 35   391.8
2021 287  8 40   391.6
2021 287  8 45   391.4
2021 287  8 50   391.8
2021 287  8 55   392.9
2021 287  9  0   391.6
2021 287  9  5   392.0
2021 287  9 10   388.6
2021 287  9 15   388.4
2021 287  9 20 99999.9
2021 287  9 25 99999.9
2021 287  9 30   393.2
2021 287  9 35   393.9
2021 287  9 40   393.0
2021 287  9 45   390.4
2021 287  9 50   388.8
2021 287  9 55   390.2
2021 287 10  0   389.0
2021 287 10  5   387.3
2021 287 10 10   386.5
2021 287 10 15   387.2
2021 287 10 20   385.2
2021 287 10 25   379.3
2021 287 10 30   374.5
2021 287 10 35   371.2
2021 287 10 40   369.4
2021 287 10 45   368.8
2021 287 10 50   369.2
2021 287 10 55   370.2
2021 287 11  0   369.8
2021 287 11  5   372.5
2021 287 11 10   372.3
2021 287 11 15   374.0
2021 287 11 20   374.5
2021 287 11 25   380.3
2021 287 11 30   380.8
2021 287 11 35   381.1
2021 287 11 40   381.9
2021 287 11 45   381.8
2021 287 11 50   382.6
2021 287 11 55   382.9
2021 287 12  0   380.1
2021 287 12  5   378.3
2021 287 12 10   381.4
2021 287 12 15   379.9
2021 287 12 20   380.7
2021 287 12 25   380.5
2021 287 12 30   380.7
2021 287 12 35   379.0
2021 287 12 40   376.9
2021 287 12 45   376.8
2021 287 12 50   380.4
2021 287 12 55   381.5
2021 287 13  0   370.4
2021 287 13  5   365.3
2021 287 13 10   365.5
2021 287 13 15   366.4
2021 287 13 20   370.0
2021 287 13 25   371.0
2021 287 13 30   371.9
2021 287 13 35   373.2
2021 287 13 40   374.1
2021 287 13 45   375.2
2021 287 13 50   374.8
2021 287 13 55   377.2
2021 287 14  0   375.7
2021 287 14  5   378.1
2021 287 14 10   377.1
2021 287 14 15   377.2
2021 287 14 20   376.8
2021 287 14 25   375.7
2021 287 14 30   374.4
2021 287 14 35   374.4
2021 287 14 40   373.2
2021 287 14 45   373.6
2021 287 14 50   374.0
2021 287 14 55   373.8
2021 287 15  0   375.5
2021 287 15  5   371.4
2021 287 15 10   368.3
2021 287 15 15   368.1
2021 287 15 20   372.3
2021 287 15 25   376.7
2021 287 15 30   374.6
2021 287 15 35   375.6
2021 287 15 40   379.4
2021 287 15 45   377.4
2021 287 15 50   377.1
2021 287 15 55   380.5
2021 287 16  0   377.0
2021 287 16  5   378.2
2021 287 16 10   369.6
2021 287 16 15   370.5
2021 287 16 20   376.1
2021 287 16 25   382.2
2021 287 16 30   381.5
2021 287 16 35   381.1
2021 287 16 40   381.2
2021 287 16 45   379.6
2021 287 16 50   377.2
2021 287 16 55   375.6
2021 287 17  0   375.9
2021 287 17  5   376.2
2021 287 17 10   374.3
2021 287 17 15   370.6
2021 287 17 20   372.2
2021 287 17 25   373.3
2021 287 17 30   372.2
2021 287 17 35   369.1
2021 287 17 40   373.1
2021 287 17 45   371.6
2021 287 17 50   374.9
2021 287 17 55   374.4
2021 287 18  0   377.0
2021 287 18  5   376.8
2021 287 18 10   376.9
2021 287 18 15   376.9
2021 287 18 20   372.9
2021 287 18 25   371.2
2021 287 18 30   370.7
2021 287 18 35   372.5
2021 287 18 40   371.3
2021 287 18 45   371.2
2021 287 18 50   381.7
2021 287 18 55   382.9
2021 287 19  0   380.4
2021 287 19  5   378.5
2021 287 19 10   378.8
2021 287 19 15   384.2
2021 287 19 20   382.5
2021 287 19 25   379.2
2021 287 19 30   378.1
2021 287 19 35   376.8
2021 287 19 40   377.2
2021 287 19 45   377.1
2021 287 19 50   379.3
2021 287 19 55   380.3
2021 287 20  0   380.1
2021 287 20  5   380.4
2021 287 20 10   380.0
2021 287 20 15   379.4
2021 287 20 20   379.8
2021 287 20 25   379.8
2021 287 20 30   380.8
2021 287 20 35   380.3
2021 287 20 40   380.1
2021 287 20 45   380.7
2021 287 20 50   384.6
2021 287 20 55   383.9
2021 287 21  0   383.0
2021 287 21  5   383.0
2021 287 21 10   382.5
2021 287 21 15   382.1
2021 287 21 20   378.8
2021 287 21 25   379.1
2021 287 21 30   380.2
2021 287 21 35   380.1
2021 287 21 40   380.7
2021 287 21 45   381.8
2021 287 21 50   381.9
2021 287 21 55   384.2
2021 287 22  0   384.0
2021 287 22  5   384.8
2021 287 22 10   385.4
2021 287 22 15   386.0
2021 287 22 20   385.2
2021 287 22 25   384.7
2021 287 22 30   384.9
2021 287 22 35   384.7
2021 287 22 40   383.5
2021 287 22 45   383.6
2021 287 22 50   383.7
2021 287 22 55   383.7
2021 287 23  0   382.1
2021 287 23  5   382.2
2021 287 23 10   381.4
2021 287 23 15   381.2
2021 287 23 20   378.9
2021 287 23 25   379.2
2021 287 23 30   379.3
2021 287 23 35   378.8
2021 287 23 40   377.6
2021 287 23 45   377.7
2021 287 23 50   376.1
2021 287 23 55   376.4
2021 288  0  0   376.1
2021 288  0  5   375.8
2021 288  0 10   375.8
2021 288  0 15   376.2
2021 288  0 20   374.2
2021 288  0 25   372.4
2021 288  0 30   371.4
2021 288  0 35   368.4
2021 288  0 40   367.4
2021 288  0 45   372.5
2021 288  0 50   372.1
2021 288  0 55   372.6
2021 288  1  0   373.1
2021 288  1  5   377.4
2021 288  1 10   380.1
2021 288  1 15   381.5
2021 288  1 20   379.0
2021 288  1 25   381.0
2021 288  1 30   378.4
2021 288  1 35   379.9
2021 288  1 40   382.6
2021 288  1 45   382.0
2021 288  1 50   378.8
2021 288  1 55   377.2
2021 288  2  0   376.8
2021 288  2  5   376.5
2021 288  2 10   376.7
2021 288  2 15   375.5
2021 288  2 20   375.6
2021 288  2 25   376.4
2021 288  2 30   376.5
2021 288  2 35   376.9
2021 288  2 40   375.9
2021 288  2 45   376.0
2021 288  2 50   381.1
2021 288  2 55   380.8
2021 288  3  0   382.0
2021 288  3  5   376.9
2021 288  3 10   375.9
2021 288  3 15   375.4
2021 288  3 20   381.9
2021 288  3 25   382.3
2021 288  3 30   382.0
2021 288  3 35   380.9
2021 288  3 40   379.4
2021 288  3 45   379.7
2021 288  3 50   380.6
2021 288  3 55   379.8
2021 288  4  0   377.9
2021 288  4  5   382.2
2021 288  4 10   385.5
2021 288  4 15   382.2
2021 288  4 20   380.8
2021 288  4 25   382.0
2021 288  4 30   382.5
2021 288  4 35   382.4
2021 288  4 40   382.6
2021 288  4 45   380.8
2021 288  4 50   381.3
2021 288  4 55   381.6
2021 288  5  0   381.7
2021 288  5  5   380.8
2021 288  5 10   380.8
2021 288  5 15   381.7
2021 288  5 20   383.8
2021 288  5 25   378.7
2021 288  5 30   378.0
2021 288  5 35   379.8
2021 288  5 40   379.1
2021 288  5 45   380.1
2021 288  5 50   379.0
2021 288  5 55   377.1
2021 288  6  0   377.3
2021 288  6  5   377.4
2021 288  6 10   373.6
2021 288  6 15   379.8
2021 288  6 20   381.2
2021 288  6 25   385.9
2021 288  6 30   385.9
2021 288  6 35   388.5
2021 288  6 40   388.0
2021 288  6 45   386.6
2021 288  6 50   385.1
2021 288  6 55   383.5
2021 288  7  0   381.2
2021 288  7  5   385.0
2021 288  7 10   382.4
2021 288  7 15   379.6
2021 288  7 20   379.9
2021 288  7 25   379.6
2021 288  7 30   382.3
2021 288  7 35   380.8
2021 288  7 40   378.0
2021 288  7 45   380.7
2021 288  7 50   381.6
2021 288  7 55   377.7
2021 288  8  0   379.3
2021 288  8  5   377.3
2021 288  8 10   377.5
2021 288  8 15   382.0
2021 288  8 20 99999.9
2021 288  8 25   377.3
2021 288  8 30   375.1
2021 288  8 35   374.9
2021 288  8 40   374.2
2021 288  8 45   373.3
2021 288  8 50   373.5
2021 288  8 55   368.4
2021 288  9  0   365.8
2021 288  9  5   374.8
2021 288  9 10   366.2
2021 288  9 15   368.8
2021 288  9 20   380.9
2021 288  9 25   380.9
2021 288  9 30 99999.9
2021 288  9 35   377.4
2021 288  9 40 99999.9
2021 288  9 45   381.0
2021 288  9 50   380.9
2021 288  9 55   377.1
2021 288 10  0   375.9
2021 288 10  5   372.4
2021 288 10 10   374.0
2021 288 10 15   370.0
2021 288 10 20   368.7
2021 288 10 25   365.2
2021 288 10 30   364.5
2021 288 10 35   362.0
2021 288 10 40   358.5
2021 288 10 45   356.2
2021 288 10 50   352.9
2021 288 10 55   354.8
2021 288 11  0   354.8
2021 288 11  5 99999.9
2021 288 11 10 99999.9
2021 288 11 15   354.8
2021 288 11 20   355.4
2021 288 11 25   354.8
2021 288 11 30   354.2
2021 288 11 35   353.3
2021 288 11 40   352.3
2021 288 11 45   351.3
2021 288 11 50   351.3
2021 288 11 55   351.2
2021 288 12  0   350.3
2021 288 12  5   350.5
2021 288 12 10   349.8
2021 288 12 15   350.0
2021 288 12 20   349.3
2021 288 12 25   348.7
2021 288 12 30   348.7
2021 288 12 35   348.4
2021 288 12 40   349.4
2021 288 12 45   348.8
2021 288 12 50   348.7
2021 288 12 55   348.2
2021 288 13  0   347.3
2021 288 13  5   346.0
2021 288 13 10   345.4
2021 288 13 15   344.7
2021 288 13 20   343.3
2021 288 13 25   344.5
2021 288 13 30   345.6
2021 288 13 35   343.7
2021 288 13 40   342.5
2021 288 13 45   343.9
2021 288 13 50   342.4
2021 288 13 55   341.9
2021 288 14  0   341.4
2021 288 14  5   341.4
2021 288 14 10   341.9
2021 288 14 15   342.4
2021 288 14 20   343.5
2021 288 14 25   344.6
2021 288 14 30   343.7
2021 288 14 35   343.2
2021 288 14 40   343.9
2021 288 14 45   343.9
2021 288 14 50   343.6
2021 288 14 55   344.0
2021 288 15  0   341.8
2021 288 15  5   343.1
2021 288 15 10   343.1
2021 288 15 15   342.7
2021 288 15 20   343.2
2021 288 15 25   344.2
2021 288 15 30   344.8
2021 288 15 35   345.0
2021 288 15 40   345.6
2021 288 15 45   345.6
2021 288 15 50 99999.9
2021 288 15 55 99999.9
2021 288 16  0   345.2
2021 288 16  5   345.2
2021 288 16 10   346.2
2021 288 16 15   345.5
2021 288 16 20   344.4
2021 288 16 25   344.2
2021 288 16 30   344.9
2021 288 16 35   344.0
2021 288 16 40   345.5
2021 288 16 45   346.5
2021 288 16 50   344.0
2021 288 16 55   342.3
2021 288 17  0   350.7
2021 288 17  5   351.5
2021 288 17 10   352.2
2021 288 17 15   350.1
2021 288 17 20   347.5
2021 288 17 25   348.0
2021 288 17 30   347.4
2021 288 17 35   346.9
2021 288 17 40   345.6
2021 288 17 45   345.3
2021 288 17 50   346.8
2021 288 17 55   346.6
2021 288 18  0   349.3
2021 288 18  5   346.3
2021 288 18 10   347.5
2021 288 18 15   345.7
2021 288 18 20   351.0
2021 288 18 25   354.3
2021 288 18 30   353.4
2021 288 18 35   350.8
2021 288 18 40   353.0
2021 288 18 45   355.7
2021 288 18 50   357.5
2021 288 18 55   357.7
2021 288 19  0   354.8
2021 288 19  5   350.2
2021 288 19 10   351.5
2021 288 19 15   350.3
2021 288 19 20   351.1
2021 288 19 25   348.5
2021 288 19 30   349.8
2021 288 19 35   350.5
2021 288 19 40   348.0
2021 288 19 45   345.8
2021 288 19 50   343.0
2021 288 19 55   341.6
2021 288 20  0   342.2
2021 288 20  5   346.0
2021 288 20 10   349.9
2021 288 20 15   350.3
2021 288 20 20   350.7
2021 288 20 25   348.8
2021 288 20 30   346.4
2021 288 20 35   347.6
2021 288 20 40   350.4
2021 288 20 45   350.1
2021 288 20 50   356.5
2021 288 20 55   361.2
2021 288 21  0   359.5
2021 288 21  5   359.4
2021 288 21 10   358.5
2021 288 21 15   358.3
2021 288 21 20   358.9
2021 288 21 25   357.4
2021 288 21 30   346.4
2021 288 21 35   338.7
2021 288 21 40   340.1
2021 288 21 45   341.5
2021 288 21 50   338.9
2021 288 21 55   338.5
2021 288 22  0   339.4
2021 288 22  5   343.5
2021 288 22 10 99999.9
2021 288 22 15   340.6
2021 288 22 20   340.0
2021 288 22 25   337.5
2021 288 22 30 99999.9
2021 288 22 35   335.8
2021 288 22 40   329.7
2021 288 22 45   329.5
2021 288 22 50   332.1
2021 288 22 55   339.4
2021 288 23  0   331.1
2021 288 23  5   327.9
2021 288 23 10   332.0
2021 288 23 15   335.6
2021 288 23 20   342.7
2021 288 23 25   368.1
2021 288 23 30   365.7
2021 288 23 35   345.2
2021 288 23 40 99999.9
2021 288 23 45   329.7
2021 288 23 50   331.0
2021 288 23 55   329.2
If you have any questions about OMNIWeb Plus Interface,contact:
Dr. Natalia Papitashvili, Code 672, Greenbelt, MD 20771.
Last Update: October 03, 2022, NEP.
