#SOHO	CELIAS	Proton	Monitor
#Solar	Wind	Parameters	for	Carrington	Rotation	2249	(hour	averages)
#Listed	Parameters_
#Measurement	time	(Year	Month	Day	of	Month	Day	of	Year	Hour	Minute	Second)
#Proton	speed	[km/sec]
#Proton	density	[protons	per	cubic	centimeter]
#Most	probable	proton	thermal	speed	[km/sec]
#Arrival	direction	[degrees	from	north-south	with	+	meaning	FROM	the	south).
#(SPEED=-1	means	NOT	AVAILABLE)
#SOHO	spacecraft	coordinates_	based	on	SOHO	PRE	orbit	files
#GSE	X	Y	Z	[Earth	Radii]	1	RE	==	6378	km
#Heliocentric	Range	[106	km]	
#Heliographic	Latitude	and	Longitude	[deg].
#-----------------------------------------------------
#FORMAT=(1X	I2	1X	A3	1X	I2	1X	I2	1X	I2	F7.0	F7.1	F7.0	F7.1	3X	5F7.1	F8.1)
#	InSitu_Start__Time	[km/s]	[cm-3]	[km/s]	[deg]	[Re]	[Re]	[Re]	[Mkm]	[deg]	[deg]
#	yy	mmm	dd	date	v	n	vth	ns	gse	gse	gse	range	hglat	htglong
21	Oct	02	275_00_00_00	496	2.6	52	-0.5	260.5	28.3	-18.5	148.1	6.6	262.0
21	Oct	02	275_01_00_00	486	2.6	44	1.1	260.5	28.1	-18.5	148.1	6.6	261.4
21	Oct	02	275_02_00_00	489	2.6	44	2.3	260.5	28.0	-18.5	148.1	6.6	260.9
21	Oct	02	275_03_00_00	505	2.8	51	2.6	260.6	27.8	-18.5	148.1	6.6	260.4
21	Oct	02	275_04_00_00	492	2.4	48	0.1	260.6	27.7	-18.5	148.1	6.6	259.8
21	Oct	02	275_05_00_00	495	2.0	50	0.7	260.6	27.6	-18.5	148.1	6.6	259.3
21	Oct	02	275_06_00_00	494	2.3	55	2.7	260.6	27.4	-18.5	148.1	6.6	258.7
21	Oct	02	275_07_00_00	493	2.8	53	3.0	260.6	27.3	-18.5	148.1	6.6	258.2
21	Oct	02	275_08_00_00	452	4.1	41	3.7	260.7	27.1	-18.5	148.1	6.6	257.6
21	Oct	02	275_09_00_00	448	5.4	25	-0.3	260.7	27.0	-18.5	148.1	6.6	257.0
21	Oct	02	275_10_00_00	461	5.0	28	0.0	260.7	26.9	-18.5	148.1	6.6	256.5
21	Oct	02	275_11_00_00	514	3.5	40	-1.6	260.7	26.7	-18.5	148.1	6.6	255.9
21	Oct	02	275_12_00_00	506	3.6	36	-0.9	260.7	26.6	-18.5	148.1	6.6	255.4
21	Oct	02	275_13_00_00	441	2.7	25	-0.2	260.8	26.4	-18.5	148.1	6.6	254.9
21	Oct	02	275_14_00_00	425	1.4	34	-0.4	260.8	26.3	-18.6	148.1	6.6	254.3
21	Oct	02	275_15_00_00	441	1.6	33	0.1	260.8	26.2	-18.6	148.1	6.6	253.8
21	Oct	02	275_16_00_00	442	1.6	36	-0.2	260.8	26.0	-18.6	148.1	6.6	253.2
21	Oct	02	275_17_00_00	438	1.4	37	-0.3	260.8	25.9	-18.6	148.1	6.6	252.7
21	Oct	02	275_18_00_00	437	1.3	40	-0.5	260.8	25.7	-18.6	148.1	6.6	252.1
21	Oct	02	275_19_00_00	430	1.3	40	-0.3	260.9	25.6	-18.6	148.0	6.6	251.6
21	Oct	02	275_20_00_00	422	1.4	39	-0.4	260.9	25.5	-18.6	148.0	6.6	251.0
21	Oct	02	275_21_00_00	415	1.6	37	-0.4	260.9	25.3	-18.6	148.0	6.6	250.4
21	Oct	02	275_22_00_00	415	1.9	34	-0.9	260.9	25.2	-18.6	148.0	6.6	249.9
21	Oct	02	275_23_00_00	420	2.0	33	-1.5	260.9	25.0	-18.6	148.0	6.6	249.4
21	Oct	03	276_00_00_00	408	2.3	37	-1.0	261.0	24.9	-18.6	148.0	6.6	248.8
21	Oct	03	276_01_00_00	401	2.4	38	-0.8	261.0	24.8	-18.6	148.0	6.6	248.3
21	Oct	03	276_02_00_00	404	2.4	40	-0.6	261.0	24.6	-18.6	148.0	6.6	247.7
21	Oct	03	276_03_00_00	409	2.3	43	-0.5	261.0	24.5	-18.6	148.0	6.6	247.2
21	Oct	03	276_04_00_00	391	3.3	35	-1.1	261.0	24.3	-18.6	148.0	6.6	246.6
21	Oct	03	276_05_00_00	390	3.3	31	-1.4	261.0	24.2	-18.6	148.0	6.6	246.1
21	Oct	03	276_06_00_00	386	3.4	29	-1.3	261.1	24.1	-18.6	148.0	6.6	245.5
21	Oct	03	276_07_00_00	383	3.6	26	-1.3	261.1	23.9	-18.6	148.0	6.6	244.9
21	Oct	03	276_08_00_00	392	3.2	29	-1.0	261.1	23.8	-18.6	148.0	6.6	244.4
21	Oct	03	276_09_00_00	384	3.8	25	-1.1	261.1	23.6	-18.6	148.0	6.6	243.9
21	Oct	03	276_10_00_00	378	3.9	24	-1.0	261.1	23.5	-18.7	148.0	6.5	243.3
21	Oct	03	276_11_00_00	370	4.321	-1.0	261.2	23.4	-18.7	148.0	6.5	242.8
21	Oct	03	276_12_00_00	372	4.5	22	-1.0	261.2	23.2	-18.7	148.0	6.5	242.2
21	Oct	03	276_13_00_00	371	5.0	22	-1.2	261.2	23.1	-18.7	148.0	6.5	241.7
21	Oct	03	276_14_00_00	370	4.921	-0.9	261.2	22.9	-18.7	148.0	6.5	241.1
21	Oct	03	276_15_00_00	370	5.221	-1.0	261.2	22.8	-18.7	148.0	6.5	240.6
21	Oct	03	276_16_00_00	370	5.221	-1.3	261.2	22.7	-18.7	148.0	6.5	240.0
21	Oct	03	276_17_00_00	382	3.3	27	-1.0	261.2	22.5	-18.7	148.0	6.5	239.5
21	Oct	03	276_18_00_00	378	3.5	23	-1.0	261.3	22.4	-18.7	148.0	6.5	238.9
21	Oct	03	276_19_00_00	362	4.8	20	-0.8	261.3	22.2	-18.7	148.0	6.5	238.4
21	Oct	03	276_20_00_00	358	4.9	19	-1.1	261.3	22.1	-18.7	148.0	6.5	237.8
21	Oct	03	276_21_00_00	360	4.8	20	-1.7	261.3	22.0	-18.7	148.0	6.5	237.3
21	Oct	03	276_22_00_00	357	5.0	20	-1.4	261.321.8	-18.7	148.0	6.5	236.7
21	Oct	03	276_23_00_00	363	5.621	-1.2	261.321.7	-18.7	148.0	6.5	236.2
21	Oct	04	277_00_00_00	368	5.5	22	-2.2	261.421.5	-18.7	148.0	6.5	235.6
21	Oct	04	277_01_00_00	362	5.3	20	-1.8	261.421.4	-18.7	148.0	6.5	235.1
21	Oct	04	277_02_00_00	357	5.121	-1.5	261.421.3	-18.7	148.0	6.5	234.5
21	Oct	04	277_03_00_00	355	5.1	20	-1.1	261.421.1	-18.7	148.0	6.5	234.0
21	Oct	04	277_04_00_00	358	4.9	20	-1.0	261.421.0	-18.7	148.0	6.5	233.4
21	Oct	04	277_05_00_00	355	4.8	20	-0.9	261.4	20.8	-18.7	148.0	6.5	232.9
21	Oct	04	277_06_00_00	354	4.7	20	-1.2	261.4	20.7	-18.7	148.0	6.5	232.3
21	Oct	04	277_07_00_00	351	4.6	20	-1.1	261.5	20.6	-18.7	148.0	6.5	231.8
21	Oct	04	277_08_00_00	348	4.6	20	-1.0	261.5	20.4	-18.8	148.0	6.5	231.2
21	Oct	04	277_09_00_00	351	4.5	20	-0.7	261.5	20.3	-18.8	148.0	6.5	230.7
21	Oct	04	277_10_00_00	353	4.6	20	-0.1	261.5	20.1	-18.8	148.0	6.5	230.2
21	Oct	04	277_11_00_00	351	4.9	20	0.2	261.5	20.0	-18.8	148.0	6.5	229.6
21	Oct	04	277_12_00_00	352	4.2	20	0.1	261.5	19.9	-18.8	148.0	6.5	229.0
21	Oct	04	277_13_00_00	353	4.021	0.6	261.5	19.7	-18.8	148.0	6.5	228.5
21	Oct	04	277_14_00_00	346	3.8	20	0.7	261.5	19.6	-18.8	148.0	6.5	227.9
21	Oct	04	277_15_00_00	333	4.2	22	0.3	261.6	19.4	-18.8	148.0	6.5	227.4
21	Oct	04	277_16_00_00	336	4.4	20	0.1	261.6	19.3	-18.8	148.0	6.5	226.8
21	Oct	04	277_17_00_00	330	5.021	-0.7	261.6	19.1	-18.8	148.0	6.5	226.3
21	Oct	04	277_18_00_00	326	5.321	-1.3	261.6	19.0	-18.8	148.0	6.5	225.7
21	Oct	04	277_19_00_00	325	5.3	20	-0.5	261.6	18.9	-18.8	148.0	6.5	225.2
21	Oct	04	277_20_00_00	325	5.121	0.1	261.6	18.7	-18.8	148.0	6.5	224.7
21	Oct	04	277_21_00_00	324	4.8	23	0.3	261.6	18.6	-18.8	148.0	6.5	224.1
21	Oct	04	277_22_00_00	332	4.0	23	0.3	261.6	18.4	-18.8	148.0	6.5	223.6
21	Oct	04	277_23_00_00	323	4.6	22	0.4	261.7	18.3	-18.8	148.0	6.5	223.0
21	Oct	05	278_00_00_00	318	5.021	1.0	261.7	18.2	-18.8	148.0	6.5	222.4
21	Oct	05	278_01_00_00	319	5.0	22	1.6	261.7	18.0	-18.8	147.9	6.5	221.9
21	Oct	05	278_02_00_00	304	5.2	19	-0.8	261.7	17.9	-18.8	147.9	6.5	221.3
21	Oct	05	278_03_00_00	313	5.2	20	2.1	261.7	17.7	-18.8	147.9	6.5	220.8
21	Oct	05	278_04_00_00	305	4.8	18	-0.2	261.7	17.6	-18.8	147.9	6.5	220.2
21	Oct	05	278_05_00_00	286	5.8	13	-1.9	261.7	17.5	-18.8	147.9	6.5219.7
21	Oct	05	278_06_00_00	281	6.0	11	-1.9	261.7	17.3	-18.8	147.9	6.5219.2
21	Oct	05	278_07_00_00	280	6.3	10	-1.8	261.7	17.2	-18.8	147.9	6.5218.6
21	Oct	05	278_08_00_00	279	6.5	9	-1.1	261.7	17.0	-18.8	147.9	6.5218.1
21	Oct	05	278_09_00_00	279	6.3	8	-1.4	261.8	16.9	-18.8	147.9	6.5217.5
21	Oct	05	278_10_00_00	279	6.5	9	-1.1	261.8	16.8	-18.9	147.9	6.5216.9
21	Oct	05	278_11_00_00	279	6.7	9	-1.2	261.8	16.6	-18.9	147.9	6.5216.4
21	Oct	05	278_12_00_00	279	7.0	8	-0.9	261.8	16.5	-18.9	147.9	6.5215.8
21	Oct	05	278_13_00_00	295	6.7	15	-0.8	261.8	16.3	-18.9	147.9	6.4215.3
21	Oct	05	278_14_00_00	298	7.2	17	-1.2	261.8	16.2	-18.9	147.9	6.4214.7
21	Oct	05	278_15_00_00	301	6.5	18	-1.4	261.8	16.0	-18.9	147.9	6.4214.2
21	Oct	05	278_16_00_00	295	7.3	16	-0.8	261.8	15.9	-18.9	147.9	6.4213.7
21	Oct	05	278_17_00_00	291	7.8	14	-1.4	261.8	15.8	-18.9	147.9	6.4213.1
21	Oct	05	278_18_00_00	292	7.1	15	-1.2	261.8	15.6	-18.9	147.9	6.4212.6
21	Oct	05	278_19_00_00	291	7.5	14	-1.8	261.8	15.5	-18.9	147.9	6.4212.0
21	Oct	05	278_20_00_00	292	6.1	15	-1.2	261.9	15.3	-18.9	147.9	6.4211.5
21	Oct	06	279_04_00_00	329	7.6	22	-2.4	261.9	14.2	-18.9	147.9	6.4	207.1
21	Oct	06	279_05_00_00	326	10.2	20	-4.2	261.9	14.1	-18.9	147.9	6.4	206.5
21	Oct	06	279_06_00_00	333	8.021	-0.6	261.9	13.9	-18.9	147.9	6.4	206.0
21	Oct	06	279_15_00_00	334	10.3	18	5.0	262.0	12.7	-18.9	147.9	6.4	201.0
21	Oct	06	279_16_00_00	329	6.4	24	3.0	262.0	12.5	-18.9	147.9	6.4	200.5
21	Oct	06	279_17_00_00	341	10.0	24	5.4	262.0	12.4	-18.9	147.9	6.4	199.9
21	Oct	06	279_18_00_00	332	14.321	6.9	262.0	12.2	-19.0	147.9	6.4	199.4
21	Oct	06	279_19_00_00	325	15.021	6.3	262.0	12.1	-19.0	147.9	6.4	198.8
21	Oct	06	279_20_00_00	327	13.6	23	7.2	262.0	11.9	-19.0	147.9	6.4	198.2
21	Oct	06	279_21_00_00	324	12.8	23	6.3	262.0	11.8	-19.0	147.9	6.4	197.7
21	Oct	06	279_22_00_00	310	11.1	19	4.1	262.0	11.7	-19.0	147.9	6.4	197.2
21	Oct	06	279_23_00_00	301	11.1	17	2.1	262.0	11.5	-19.0	147.9	6.4	196.6
21	Oct	07	280_00_00_00	301	12.6	16	1.9	262.0	11.4	-19.0	147.9	6.4	196.1
21	Oct	07	280_08_00_00	357	3.0	33	0.8	262.0	10.2	-19.0	147.8	6.4	191.7
21	Oct	07	280_09_00_00	360	2.6	34	1.5	262.0	10.1	-19.0	147.8	6.4	191.1
21	Oct	07	280_10_00_00	365	2.7	33	1.4	262.0	10.0	-19.0	147.8	6.4	190.6
21	Oct	07	280_11_00_00	363	2.7	26	0.7	262.0	9.8	-19.0	147.8	6.4	190.1
21	Oct	07	280_20_00_00	318	5.2	23	-0.5	262.1	8.5	-19.0	147.8	6.3	185.1
21	Oct	07	280_21_00_00	315	5.6	23	-0.8	262.1	8.4	-19.0	147.8	6.3	184.5
21	Oct	07	280_22_00_00	313	5.6	22	-0.6	262.1	8.2	-19.0	147.8	6.3	184.0
21	Oct	07	280_23_00_00	314	5.621	0.1	262.1	8.1	-19.0	147.8	6.3	183.5
21	Oct	08	281_00_00_00	309	5.4	20	0.7	262.1	8.0	-19.0	147.8	6.3	182.9
21	Oct	08	281_08_00_00	285	6.4	12	-0.0	262.0	6.8	-19.0	147.8	6.3	178.5
21	Oct	08	281_09_00_00	283	6.5	11	-0.4	262.0	6.7	-19.0	147.8	6.3	178.0
21	Oct	08	281_10_00_00	282	6.4	11	-0.4	262.0	6.5	-19.0	147.8	6.3	177.4
21	Oct	08	281_11_00_00	282	7.0	10	-0.1	262.0	6.4	-19.0	147.8	6.2	176.8
21	Oct	08	281_15_00_00	280	6.3	9	0.1	262.0	5.8	-19.0	147.8	6.2	174.6
21	Oct	08	281_16_00_00	279	6.7	8	0.3	262.0	5.7	-19.0	147.8	6.2	174.1
21	Oct	09	282_01_00_00	292	5.3	15	-0.9	262.0	4.4	-19.1	147.8	6.2	169.1
21	Oct	09	282_02_00_00	285	6.0	12	0.2	262.0	4.2	-19.1	147.8	6.2	168.6
21	Oct	09	282_08_00_00	289	5.2	15	-1.8	262.0	3.4	-19.1	147.8	6.2	165.3
21	Oct	09	282_09_00_00	289	6.9	14	3.4	262.0	3.2	-19.1	147.8	6.2	164.8
21	Oct	09	282_10_00_00	297	6.0	17	2.5	262.0	3.1	-19.1	147.8	6.2	164.2
21	Oct	09	282_11_00_00	298	7.8	17	1.6	261.9	2.9	-19.1	147.8	6.2	163.6
21	Oct	09	282_12_00_00	297	6.8	17	1.0	261.9	2.8	-19.1	147.8	6.2	163.1
21	Oct	09	282_17_00_00	279	6.6	9	-1.5	261.9	2.1	-19.1	147.7	6.2	160.4
21	Oct	09	282_18_00_00	279	7.3	8	-1.0	261.9	1.9	-19.1	147.7	6.2	159.8
21	Oct	09	282_20_00_00	281	6.3	10	-1.9	261.9	1.6	-19.1	147.7	6.2	158.7
21	Oct	09	282_21_00_00	285	6.0	13	-1.3	261.9	1.5	-19.1	147.7	6.2	158.2
21	Oct	09	282_22_00_00	288	6.4	13	-1.1	261.9	1.3	-19.1	147.7	6.2	157.6
21	Oct	09	282_23_00_00	287	6.1	13	-0.7	261.9	1.2	-19.1	147.7	6.2	157.0
21	Oct	10	283_08_00_00	293	15.2	12	-3.7	261.8	-0.1	-19.1	147.7	6.1	152.1
21	Oct	10	283_09_00_00	298	11.5	16	-1.1	261.8	-0.3	-19.1	147.7	6.1	151.5
21	Oct	10	283_10_00_00	298	11.9	16	-0.9	261.8	-0.4	-19.1	147.7	6.1	151.0
21	Oct	10	283_11_00_00	298	14.0	16	-1.5	261.8	-0.6	-19.1	147.7	6.1	150.5
21	Oct	10	283_15_00_00	308	7.8	19	-0.4	261.7	-1.1	-19.1	147.7	6.1	148.3
21	Oct	10	283_16_00_00	304	8.5	19	-1.1	261.7	-1.3	-19.1	147.7	6.1	147.7
21	Oct	10	283_17_00_00	316	12.6	20	-0.9	261.7	-1.4	-19.1	147.7	6.1	147.2
21	Oct	10	283_18_00_00	321	15.9	22	-1.5	261.7	-1.6	-19.1	147.7	6.1	146.6
21	Oct	10	283_19_00_00	327	9.2	24	-1.2	261.7	-1.7	-19.1	147.7	6.1	146.1
21	Oct	10	283_20_00_00	337	8.5	24	-2.2	261.7	-1.9	-19.1	147.7	6.1	145.5
21	Oct	10	283_21_00_00	330	11.2	22	-4.9	261.7	-2.0	-19.1	147.7	6.1	145.0
21	Oct	10	283_22_00_00	326	10.2	24	-3.4	261.7	-2.2	-19.1	147.7	6.1	144.4
21	Oct	11	284_06_00_00	384	6.0	27	-2.8	261.6	-3.3	-19.1	147.7	6.1	140.0
21	Oct	11	284_15_00_00	378	4.7	24	0.8	261.5	-4.6	-19.1	147.7	6.1	135.1
21	Oct	11	284_16_00_00	377	4.6	22	0.5	261.5	-4.8	-19.1	147.7	6.1	134.5
21	Oct	11	284_17_00_00	385	3.0	25	-0.7	261.4	-4.9	-19.1	147.7	6.1	134.0
21	Oct	11	284_20_00_00	358	4.0	18	-1.2	261.4	-5.4	-19.1	147.7	6.1	132.4
21	Oct	11	284_21_00_00	356	5.8	16	-0.3	261.4	-5.5	-19.1	147.7	6.1	131.8
21	Oct	11	284_22_00_00	353	5.5	14	-0.3	261.4	-5.7	-19.1	147.7	6.1	131.3
21	Oct	11	284_23_00_00	356	4.3	16	-0.7	261.4	-5.8	-19.1	147.7	6.0	130.7
21	Oct	12	285_15_00_00	479	14.5	36	1.8	261.1	-8.2	-19.0	147.6	6.0	121.9
21	Oct	12	285_16_00_00	480	11.5	32	2.5	261.1	-8.3	-19.0	147.6	6.0	121.4
21	Oct	12	285_21_00_00	461	7.4	27	1.9	261.0	-9.1	-19.0	147.6	6.0	118.6
21	Oct	12	285_22_00_00	452	4.7	20	0.3	261.0	-9.2	-19.0	147.6	6.0	118.1
21	Oct	12	285_23_00_00	452	2.9	24	1.4	261.0	-9.4	-19.0	147.6	6.0	117.5
21	Oct	13	286_06_00_00	482	1.3	38	1.9	260.9	-10.4	-19.0	147.6	6.0	113.7
21	Oct	13	286_15_00_00	418	1.7	45	1.3	260.7	-11.8	-19.0	147.6	5.9	108.7
21	Oct	13	286_20_00_00	386	2.8	40	-0.7	260.6	-12.5	-19.0	147.6	5.9	106.0
21	Oct	13	286_21_00_00	387	2.9	36	-0.8	260.6	-12.7	-19.0	147.6	5.9	105.4
21	Oct	13	286_22_00_00	373	3.9	24	-1.2	260.6	-12.8	-19.0	147.6	5.9	104.9
21	Oct	13	286_23_00_00	398	4.6	39	2.0	260.6	-12.9	-19.0	147.6	5.9	104.3
21	Oct	14	287_06_00_00	380	5.0	25	-0.2	260.5	-14.0	-18.9	147.6	5.9	100.5
21	Oct	14	287_15_00_00	367	3.821	-0.4	260.3	-15.3	-18.9	147.5	5.8	95.6
21	Oct	14	287_16_00_00	357	4.1	19	-0.9	260.3	-15.5	-18.9	147.5	5.8	95.0
21	Oct	14	287_17_00_00	402	4.1	29	-1.0	260.2	-15.6	-18.9	147.5	5.8	94.4
21	Oct	14	287_18_00_00	423	5.0	30	-0.6	260.2	-15.8	-18.9	147.5	5.8	93.9
21	Oct	14	287_19_00_00	414	5.4	31	-0.5	260.2	-15.9	-18.9	147.5	5.8	93.3
21	Oct	14	287_20_00_00	416	6.0	31	-0.1	260.2	-16.1	-18.9	147.5	5.8	92.8
21	Oct	14	287_21_00_00	407	6.3	27	-0.2	260.2	-16.2	-18.9	147.5	5.8	92.2
21	Oct	14	287_22_00_00	419	5.6	30	-0.4	260.1	-16.4	-18.9	147.5	5.8	91.7
21	Oct	14	287_23_00_00	394	6.6	31	0.1	260.1	-16.5	-18.9	147.5	5.8	91.2
21	Oct	15	288_00_00_00	379	6.8	29	-1.2	260.1	-16.7	-18.9	147.5	5.8	90.6
21	Oct	15	288_01_00_00	378	6.7	29	-0.4	260.1	-16.8	-18.9	147.5	5.8	90.1
21	Oct	15	288_02_00_00	379	6.5	29	-0.1	260.1	-17.0	-18.9	147.5	5.8	89.5
21	Oct	15	288_03_00_00	382	5.7	28	-0.2	260.0	-17.1	-18.9	147.5	5.8	89.0
21	Oct	15	288_04_00_00	386	5.5	28	-0.0	260.0	-17.3	-18.9	147.5	5.8	88.4
21	Oct	15	288_05_00_00	382	6.0	28	-0.1	260.0	-17.4	-18.9	147.5	5.8	87.8
21	Oct	15	288_06_00_00	386	5.8	27	0.2	260.0	-17.6	-18.9	147.5	5.8	87.3
21	Oct	15	288_07_00_00	385	5.8	28	-0.1	260.0	-17.7	-18.9	147.5	5.8	86.7
21	Oct	15	288_08_00_00	386	5.5	27	-0.1	259.9	-17.9	-18.8	147.5	5.8	86.2
21	Oct	15	288_09_00_00	379	5.2	28	0.8	259.9	-18.0	-18.8	147.5	5.8	85.7
21	Oct	15	288_10_00_00	368	5.5	28	1.3	259.9	-18.2	-18.8	147.5	5.8	85.1
21	Oct	15	288_11_00_00	362	4.6	27	1.1	259.9	-18.3	-18.8	147.5	5.8	84.6
21	Oct	15	288_12_00_00	353	4.6	25	0.6	259.8	-18.5	-18.8	147.5	5.8	84.0
21	Oct	15	288_13_00_00	355	4.2	26	0.2	259.8	-18.6	-18.8	147.5	5.8	83.5
21	Oct	15	288_14_00_00	362	3.9	28	-0.2	259.8	-18.8	-18.8	147.5	5.8	82.9
21	Oct	15	288_15_00_00	374	3.4	31	-0.9	259.8	-18.9	-18.8	147.5	5.8	82.4
21	Oct	15	288_16_00_00	384	3.2	32	-1.6	259.8	-19.1	-18.8	147.5	5.8	81.8
21	Oct	15	288_17_00_00	381	3.8	31	-0.8	259.7	-19.2	-18.8	147.5	5.8	81.2
21	Oct	15	288_18_00_00	368	6.7	27	-3.3	259.7	-19.4	-18.8	147.5	5.8	80.7
21	Oct	15	288_19_00_00	366	7.7	26	-2.9	259.7	-19.5	-18.8	147.5	5.8	80.2
21	Oct	15	288_20_00_00	360	6.4	26	-1.8	259.7	-19.7	-18.8	147.5	5.8	79.6
21	Oct	15	288_21_00_00	359	6.4	27	-2.6	259.7	-19.8	-18.8	147.5	5.8	79.1
21	Oct	15	288_22_00_00	360	7.2	26	-2.5	259.6	-20.0	-18.8	147.5	5.7	78.5
21	Oct	15	288_23_00_00	359	4.6	28	-1.2	259.6	-20.1	-18.8	147.5	5.7	78.0
21	Oct	16	289_00_00_00	379	13.0	28	-3.5	259.6	-20.3	-18.8	147.5	5.7	77.4
21	Oct	16	289_01_00_00	390	9.7	30	-0.7	259.6	-20.4	-18.8	147.5	5.7	76.9
21	Oct	16	289_02_00_00	373	13.0	28	3.8	259.5	-20.6	-18.8	147.5	5.7	76.3
21	Oct	16	289_03_00_00	374	13.1	28	3.8	259.5	-20.7	-18.8	147.5	5.7	75.7
21	Oct	16	289_04_00_00	369	14.4	26	3.3	259.5	-20.9	-18.8	147.5	5.7	75.2
21	Oct	16	289_05_00_00	387	10.2	23	-3.0	259.5	-21.0	-18.8	147.5	5.7	74.7
21	Oct	16	289_06_00_00	390	8.721	-2.1	259.5	-21.2	-18.7	147.5	5.7	74.1
21	Oct	16	289_07_00_00	388	8.3	22	-2.1	259.4	-21.3	-18.7	147.5	5.7	73.6
21	Oct	16	289_08_00_00	402	6.6	22	-2.0	259.4	-21.5	-18.7	147.5	5.7	73.1
21	Oct	16	289_09_00_00	387	6.1	18	0.3	259.4	-21.6	-18.7	147.5	5.7	72.5
21	Oct	16	289_10_00_00	388	6.6	19	1.0	259.4	-21.8	-18.7	147.5	5.7	71.9
21	Oct	16	289_11_00_00	388	6.7	20	1.0	259.3	-21.9	-18.7	147.5	5.7	71.4
21	Oct	16	289_12_00_00	387	6.6	20	0.6	259.3	-22.1	-18.7	147.5	5.7	70.8
21	Oct	16	289_13_00_00	392	5.721	1.2	259.3	-22.2	-18.7	147.5	5.7	70.3
21	Oct	16	289_14_00_00	388	6.5	19	0.6	259.3	-22.4	-18.7	147.5	5.7	69.7
21	Oct	16	289_15_00_00	386	9.0	19	-1.4	259.2	-22.5	-18.7	147.5	5.7	69.2
21	Oct	16	289_16_00_00	385	6.2	18	-1.5	259.2	-22.7	-18.7	147.5	5.7	68.6
21	Oct	16	289_17_00_00	384	4.9	18	-1.4	259.2	-22.8	-18.7	147.5	5.7	68.1
21	Oct	16	289_18_00_00	386	5.0	19	-1.5	259.2	-23.0	-18.7	147.5	5.7	67.6
21	Oct	16	289_19_00_00	391	4.4	20	-2.6	259.2	-23.1	-18.7	147.5	5.7	67.0
21	Oct	16	289_20_00_00	396	3.8	22	-3.2	259.1	-23.3	-18.7	147.5	5.7	66.5
21	Oct	16	289_21_00_00	407	3.8	25	-2.4	259.1	-23.4	-18.7	147.5	5.7	65.9
21	Oct	16	289_22_00_00	409	3.4	29	-2.8	259.1	-23.6	-18.7	147.5	5.7	65.3
21	Oct	16	289_23_00_00	410	4.1	27	-2.7	259.1	-23.7	-18.7	147.4	5.7	64.8
21	Oct	17	290_00_00_00	413	4.2	28	-1.9	259.0	-23.9	-18.7	147.4	5.7	64.2
21	Oct	17	290_01_00_00	392	3.0	22	-0.4	259.0	-24.0	-18.6	147.4	5.7	63.7
21	Oct	17	290_02_00_00	389	3.6	20	-0.2	259.0	-24.2	-18.6	147.4	5.7	63.1
21	Oct	17	290_03_00_00	387	3.7	20	0.4	259.0	-24.3	-18.6	147.4	5.7	62.6
21	Oct	17	290_04_00_00	392	3.821	0.4	258.9	-24.5	-18.6	147.4	5.7	62.1
21	Oct	17	290_05_00_00	386	5.8	19	-0.6	258.9	-24.6	-18.6	147.4	5.7	61.5
21	Oct	17	290_06_00_00	403	5.4	24	-0.1	258.9	-24.8	-18.6	147.4	5.7	61.0
21	Oct	17	290_07_00_00	402	4.5	26	0.6	258.9	-24.9	-18.6	147.4	5.7	60.4
21	Oct	17	290_08_00_00	388	5.8	25	-3.2	258.9	-25.1	-18.6	147.4	5.7	59.8
21	Oct	17	290_09_00_00	382	2.8	30	-3.4	258.8	-25.2	-18.6	147.4	5.7	59.3
21	Oct	17	290_10_00_00	360	3.6	26	-1.6	258.8	-25.4	-18.6	147.4	5.6	58.7
21	Oct	17	290_11_00_00	345	4.5	23	-1.2	258.8	-25.5	-18.6	147.4	5.6	58.2
21	Oct	17	290_12_00_00	340	5.221	-1.3	258.8	-25.7	-18.6	147.4	5.6	57.6
21	Oct	17	290_13_00_00	334	5.521	0.4	258.7	-25.8	-18.6	147.4	5.6	57.1
21	Oct	17	290_14_00_00	338	5.621	-0.8	258.7	-26.0	-18.6	147.4	5.6	56.6
21	Oct	17	290_15_00_00	346	5.1	22	-0.6	258.7	-26.1	-18.6	147.4	5.6	56.0
21	Oct	17	290_16_00_00	363	8.1	25	-5.0	258.7	-26.3	-18.6	147.4	5.6	55.5
21	Oct	17	290_17_00_00	354	6.2	23	-3.1	258.6	-26.4	-18.6	147.4	5.6	54.9
21	Oct	17	290_18_00_00	345	5.2	22	-1.4	258.6	-26.6	-18.5	147.4	5.6	54.4
21	Oct	17	290_19_00_00	362	5.9	23	-1.1	258.6	-26.7	-18.5	147.4	5.6	53.8
21	Oct	17	290_20_00_00	351	5.8	23	-3.1	258.6	-26.9	-18.5	147.4	5.6	53.2
21	Oct	17	290_21_00_00	341	5.1	22	-2.5	258.5	-27.0	-18.5	147.4	5.6	52.7
21	Oct	17	290_22_00_00	341	4.0	25	-1.1	258.5	-27.2	-18.5	147.4	5.6	52.1
21	Oct	17	290_23_00_00	344	3.4	26	-0.7	258.5	-27.3	-18.5	147.4	5.6	51.6
21	Oct	18	291_00_00_00	340	5.2	22	0.7	258.5	-27.5	-18.5	147.4	5.6	51.1
21	Oct	18	291_01_00_00	324	6.3	18	1.7	258.4	-27.6	-18.5	147.4	5.6	50.5
21	Oct	18	291_02_00_00	331	7.0	19	2.4	258.4	-27.8	-18.5	147.4	5.6	50.0
21	Oct	18	291_03_00_00	331	7.3	19	2.7	258.4	-27.9	-18.5	147.4	5.6	49.4
21	Oct	18	291_04_00_00	323	7.7	19	3.1	258.4	-28.1	-18.5	147.4	5.6	48.9
21	Oct	18	291_05_00_00	346	13.5	22	5.5	258.3	-28.2	-18.5	147.4	5.6	48.3
21	Oct	18	291_06_00_00	356	6.3	23	4.2	258.3	-28.4	-18.5	147.4	5.6	47.8
21	Oct	18	291_07_00_00	368	7.7	24	5.0	258.3	-28.5	-18.5	147.4	5.6	47.2
21	Oct	18	291_08_00_00	365	19.0	25	5.7	258.3	-28.7	-18.5	147.4	5.6	46.6
21	Oct	18	291_09_00_00	375	23.8	26	6.3	258.2	-28.8	-18.4	147.4	5.6	46.1
21	Oct	18	291_10_00_00	374	15.4	25	3.8	258.2	-29.0	-18.4	147.4	5.6	45.6
21	Oct	18	291_11_00_00	378	24.0	26	6.8	258.2	-29.1	-18.4	147.4	5.6	45.0
21	Oct	18	291_12_00_00	386	17.8	27	3.6	258.2	-29.3	-18.4	147.4	5.6	44.5
21	Oct	18	291_13_00_00	382	18.0	27	1.9	258.1	-29.4	-18.4	147.4	5.6	43.9
21	Oct	18	291_14_00_00	378	18.7	27	2.2	258.1	-29.6	-18.4	147.4	5.6	43.4
21	Oct	18	291_15_00_00	382	14.1	26	1.2	258.1	-29.7	-18.4	147.4	5.6	42.8
21	Oct	18	291_16_00_00	372	14.0	24	-0.5	258.1	-29.9	-18.4	147.4	5.6	42.3
21	Oct	18	291_17_00_00	372	15.1	25	-1.0	258.0	-30.0	-18.4	147.4	5.6	41.7
21	Oct	18	291_18_00_00	377	12.0	27	0.1	258.0	-30.2	-18.4	147.4	5.6	41.2
21	Oct	18	291_19_00_00	392	6.5	23	-0.2	258.0	-30.3	-18.4	147.4	5.6	40.6
21	Oct	18	291_20_00_00	394	6.8	24	-1.4	258.0	-30.5	-18.4	147.4	5.5	40.0
21	Oct	18	291_21_00_00	385	10.3	24	-1.3	257.9	-30.6	-18.4	147.4	5.5	39.5
21	Oct	18	291_22_00_00	383	12.2	24	-1.8	257.9	-30.8	-18.4	147.4	5.5	39.0
21	Oct	18	291_23_00_00	398	10.2	34	-0.1	257.9	-30.9	-18.4	147.4	5.5	38.4
21	Oct	19	292_00_00_00	392	9.7	35	0.1	257.9	-31.1	-18.3	147.4	5.5	37.9
21	Oct	19	292_01_00_00	386	10.1	34	-0.5	257.8	-31.2	-18.3	147.4	5.5	37.3
21	Oct	19	292_02_00_00	383	9.9	31	-0.8	257.8	-31.4	-18.3	147.4	5.5	36.8
21	Oct	19	292_03_00_00	380	9.3	30	-0.1	257.8	-31.5	-18.3	147.4	5.5	36.2
21	Oct	19	292_04_00_00	384	8.8	31	0.7	257.8	-31.7	-18.3	147.4	5.5	35.7
21	Oct	19	292_05_00_00	373	8.5	28	1.6	257.7	-31.8	-18.3	147.4	5.5	35.1
21	Oct	19	292_06_00_00	370	9.2	28	2.1	257.7	-32.0	-18.3	147.4	5.5	34.6
21	Oct	19	292_07_00_00	372	9.3	28	2.6	257.7	-32.1	-18.3	147.4	5.5	34.0
21	Oct	19	292_08_00_00	372	9.1	26	2.6	257.7	-32.3	-18.3	147.4	5.5	33.5
21	Oct	19	292_09_00_00	367	10.1	24	5.2	257.6	-32.4	-18.3	147.4	5.5	32.9
21	Oct	19	292_10_00_00	370	15.6	26	6.3	257.6	-32.6	-18.3	147.4	5.5	32.4
21	Oct	19	292_11_00_00	394	17.4	30	7.3	257.6	-32.7	-18.3	147.4	5.5	31.9
21	Oct	19	292_12_00_00	413	9.8	32	2.2	257.5	-32.8	-18.3	147.4	5.5	31.3
21	Oct	19	292_13_00_00	411	10.0	30	0.7	257.5	-33.0	-18.2	147.3	5.4	30.7
21	Oct	19	292_14_00_00	406	13.3	28	0.8	257.5	-33.1	-18.2	147.3	5.4	30.2
21	Oct	19	292_15_00_00	398	12.8	23	0.5	257.5	-33.3	-18.2	147.3	5.4	29.6
21	Oct	19	292_16_00_00	403	12.4	25	1.0	257.4	-33.4	-18.2	147.3	5.4	29.1
21	Oct	19	292_17_00_00	401	11.4	24	0.7	257.4	-33.6	-18.2	147.3	5.4	28.5
21	Oct	19	292_18_00_00	395	11.9	23	1.0	257.4	-33.7	-18.2	147.3	5.4	28.0
21	Oct	19	292_19_00_00	389	11.3	25	4.2	257.4	-33.9	-18.2	147.3	5.4	27.4
21	Oct	19	292_20_00_00	382	5.9	25	3.1	257.3	-34.0	-18.2	147.3	5.4	26.9
21	Oct	19	292_21_00_00	380	7.5	26	-0.7	257.3	-34.2	-18.2	147.3	5.4	26.4
21	Oct	19	292_22_00_00	385	7.6	25	-1.3	257.3	-34.3	-18.2	147.3	5.4	25.8
21	Oct	19	292_23_00_00	385	7.3	25	-0.9	257.3	-34.5	-18.2	147.3	5.4	25.3
21	Oct	20	293_00_00_00	382	7.8	25	-1.5	257.2	-34.6	-18.2	147.3	5.4	24.7
21	Oct	20	293_01_00_00	417	4.1	33	-1.3	257.2	-34.8	-18.1	147.3	5.4	24.1
21	Oct	20	293_02_00_00	420	3.5	34	-0.3	257.2	-34.9	-18.1	147.3	5.4	23.6
21	Oct	20	293_03_00_00	419	4.2	33	0.6	257.2	-35.1	-18.1	147.3	5.4	23.0
21	Oct	20	293_04_00_00	407	4.8	30	0.2	257.1	-35.2	-18.1	147.3	5.4	22.5
21	Oct	20	293_05_00_00	391	7.0	22	-1.2	257.1	-35.4	-18.1	147.3	5.421.9
21	Oct	20	293_06_00_00	400	7.2	23	0.8	257.1	-35.5	-18.1	147.3	5.421.4
21	Oct	20	293_07_00_00	402	6.2	24	0.1	257.0	-35.6	-18.1	147.3	5.4	20.9
21	Oct	20	293_08_00_00	412	5.1	26	0.7	257.0	-35.8	-18.1	147.3	5.4	20.3
21	Oct	20	293_09_00_00	399	6.3	23	0.3	257.0	-35.9	-18.1	147.3	5.4	19.8
21	Oct	20	293_10_00_00	392	6.8	22	-0.0	257.0	-36.1	-18.1	147.3	5.4	19.2
21	Oct	20	293_13_00_00	397	8.5	24	0.4	256.9	-36.5	-18.0	147.3	5.4	17.5
21	Oct	20	293_14_00_00	394	9.1	22	2.3	256.9	-36.7	-18.0	147.3	5.4	17.0
21	Oct	20	293_15_00_00	394	11.6	22	2.3	256.8	-36.8	-18.0	147.3	5.4	16.4
21	Oct	20	293_16_00_00	395	11.9	23	2.3	256.8	-37.0	-18.0	147.3	5.4	15.9
21	Oct	20	293_17_00_00	390	14.021	2.3	256.8	-37.1	-18.0	147.3	5.4	15.4
21	Oct	20	293_18_00_00	407	11.6	24	1.8	256.7	-37.3	-18.0	147.3	5.4	14.8
21	Oct	20	293_19_00_00	441	6.8	35	0.5	256.7	-37.4	-18.0	147.3	5.4	14.3
21	Oct	20	293_20_00_00	473	7.6	38	0.9	256.7	-37.5	-18.0	147.3	5.4	13.7
21	Oct	20	293_21_00_00	475	4.9	37	0.2	256.7	-37.7	-18.0	147.3	5.4	13.2
21	Oct	20	293_22_00_00	482	6.7	37	-0.7	256.6	-37.8	-18.0	147.3	5.3	12.6
21	Oct	20	293_23_00_00	527	5.0	43	-2.0	256.6	-38.0	-18.0	147.3	5.3	12.1
21	Oct	21	294_00_00_00	574	4.4	54	-2.4	256.6	-38.1	-18.0	147.3	5.3	11.5
21	Oct	21	294_01_00_00	573	3.6	59	-1.7	256.6	-38.3	-17.9	147.3	5.3	10.9
21	Oct	21	294_02_00_00	560	3.9	57	-2.2	256.5	-38.4	-17.9	147.3	5.3	10.4
21	Oct	21	294_03_00_00	546	3.9	54	-2.0	256.5	-38.6	-17.9	147.3	5.3	9.9
21	Oct	21	294_04_00_00	547	3.5	51	-1.6	256.5	-38.7	-17.9	147.3	5.3	9.3
21	Oct	21	294_05_00_00	546	3.5	48	-1.2	256.4	-38.9	-17.9	147.3	5.3	8.8
21	Oct	21	294_06_00_00	551	3.5	48	-0.4	256.4	-39.0	-17.9	147.3	5.3	8.2
21	Oct	21	294_07_00_00	544	3.4	46	-0.1	256.4	-39.1	-17.9	147.3	5.3	7.7
21	Oct	21	294_08_00_00	521	3.8	43	-0.7	256.4	-39.3	-17.9	147.3	5.3	7.1
21	Oct	21	294_09_00_00	511	3.7	40	-1.8	256.3	-39.4	-17.9	147.3	5.3	6.6
21	Oct	21	294_10_00_00	510	4.0	39	-2.4	256.3	-39.6	-17.9	147.3	5.3	6.0
21	Oct	21	294_11_00_00	519	4.2	41	-2.3	256.3	-39.7	-17.9	147.3	5.3	5.5
21	Oct	21	294_12_00_00	509	4.4	39	-2.8	256.3	-39.9	-17.8	147.3	5.3	4.9
21	Oct	21	294_13_00_00	496	4.5	37	-1.9	256.2	-40.0	-17.8	147.3	5.3	4.4
21	Oct	21	294_14_00_00	503	4.3	36	-1.3	256.2	-40.2	-17.8	147.3	5.3	3.8
21	Oct	21	294_15_00_00	510	2.8	37	0.1	256.2	-40.3	-17.8	147.3	5.3	3.3
21	Oct	21	294_16_00_00	509	2.7	35	0.7	256.1	-40.4	-17.8	147.3	5.3	2.8
21	Oct	21	294_17_00_00	513	2.5	38	1.1	256.1	-40.6	-17.8	147.3	5.3	2.2
21	Oct	21	294_18_00_00	509	2.7	35	1.0	256.1	-40.7	-17.8	147.3	5.3	1.6
21	Oct	21	294_19_00_00	500	2.3	33	0.8	256.1	-40.9	-17.8	147.3	5.3	1.1
21	Oct	21	294_20_00_00	497	2.0	33	0.2	256.0	-41.0	-17.8	147.3	5.3	0.5
